S,I,R
0.9896,0.010199999999999997,0.0002
0.9890000000000001,0.010699999999999998,0.00030000000000000003
0.9888000000000001,0.010899999999999998,0.00030000000000000003
0.9883000000000001,0.011199999999999998,0.0005
0.9879,0.011599999999999997,0.0005
0.9873000000000001,0.011899999999999999,0.0008
0.9866000000000001,0.012499999999999999,0.0009000000000000001
0.9861000000000001,0.0129,0.001
0.9855,0.0134,0.0011
0.9853,0.013600000000000001,0.0011
0.985,0.0139,0.0011
0.9844999999999999,0.0142,0.0013000000000000002
0.9841999999999999,0.014500000000000002,0.0013000000000000002
0.9838000000000001,0.014900000000000002,0.0013000000000000002
0.9834999999999999,0.015100000000000002,0.0014000000000000002
0.9826,0.0159,0.0015
0.9819000000000001,0.0165,0.0016
0.9814,0.016999999999999998,0.0016
0.9808999999999999,0.0173,0.0018000000000000002
0.9798,0.018399999999999996,0.0018000000000000002
0.9791000000000001,0.018999999999999996,0.0019000000000000002
0.9783,0.019699999999999995,0.0020000000000000005
0.9776,0.020299999999999995,0.0021000000000000003
0.9766999999999999,0.021199999999999997,0.0021000000000000003
0.976,0.021899999999999996,0.0021000000000000003
0.9753999999999999,0.022199999999999998,0.0024000000000000007
0.9749000000000001,0.0226,0.0025
0.9739000000000001,0.023499999999999997,0.0026000000000000003
0.9728999999999999,0.024299999999999995,0.0028
0.9716999999999999,0.025500000000000002,0.0028
0.9700999999999999,0.027100000000000003,0.0028
0.9690999999999999,0.027800000000000002,0.0030999999999999995
0.968,0.0288,0.0032
0.9671,0.029699999999999997,0.0032
0.9664999999999999,0.03,0.0035000000000000005
0.9649000000000001,0.0312,0.0039000000000000007
0.9639000000000001,0.0319,0.004200000000000001
0.9629,0.032799999999999996,0.0043
0.9612999999999998,0.0341,0.0046
0.9595999999999998,0.0358,0.0046
0.958,0.0372,0.0048000000000000004
0.9564,0.0387,0.0049
0.9548,0.0402,0.005
0.9536,0.040900000000000006,0.0055
0.9515,0.0429,0.0056
0.9494999999999999,0.0448,0.0057
0.9479,0.046200000000000005,0.005900000000000001
0.9458,0.047900000000000005,0.0063
0.9445,0.0489,0.0066
0.9422,0.05109999999999999,0.0067
0.9391999999999999,0.05369999999999999,0.0071
0.9373000000000001,0.055299999999999995,0.0073999999999999995
0.9347999999999999,0.05739999999999999,0.0078
0.9327,0.058899999999999994,0.0084
0.9305,0.0607,0.008799999999999999
0.9273,0.06289999999999998,0.0098
0.9251000000000001,0.0648,0.0101
0.9226000000000003,0.06709999999999999,0.0103
0.9208000000000002,0.0687,0.010499999999999999
0.9178000000000001,0.0711,0.011099999999999999
0.9153,0.0733,0.011399999999999999
0.9118999999999999,0.0764,0.011699999999999999
0.9086000000000001,0.0795,0.011899999999999999
0.9054,0.0823,0.0123
0.9019999999999999,0.0852,0.0128
0.8996000000000002,0.0873,0.0131
0.8958,0.091,0.0132
0.8920999999999999,0.094,0.013900000000000001
0.8876999999999999,0.0979,0.014400000000000001
0.8839,0.101,0.015100000000000002
0.8800000000000001,0.10390000000000002,0.016100000000000003
0.8766,0.1065,0.016900000000000005
0.8724000000000001,0.11030000000000002,0.0173
0.8682000000000001,0.1142,0.017599999999999998
0.8642,0.11750000000000001,0.018299999999999997
0.8611000000000001,0.1202,0.018699999999999998
0.8576,0.12329999999999999,0.0191
0.8542,0.12589999999999998,0.019899999999999998
0.8498000000000001,0.1295,0.020699999999999996
0.8452,0.1335,0.021299999999999996
0.8405999999999999,0.1373,0.022099999999999998
0.8352,0.14179999999999998,0.023
0.8303,0.14579999999999999,0.023899999999999998
0.826,0.1488,0.0252
0.8221,0.1513,0.026600000000000002
0.8155999999999999,0.1565,0.027900000000000008
0.8100999999999999,0.16110000000000005,0.028800000000000003
0.8039999999999999,0.1666,0.029400000000000003
0.799,0.1709,0.030100000000000005
0.7929999999999999,0.1758,0.031200000000000006
0.7860000000000001,0.18109999999999998,0.032900000000000006
0.7804999999999999,0.1855,0.034
0.7747999999999999,0.1901,0.0351
0.7681000000000001,0.196,0.0359
0.7626999999999999,0.20020000000000002,0.0371
0.7559999999999999,0.2056,0.038400000000000004
0.7498,0.2105,0.0397
0.7433000000000001,0.21509999999999999,0.041600000000000005
0.7379,0.2193,0.0428
0.7321,0.22359999999999997,0.0443
0.7248999999999999,0.229,0.0461
0.7182999999999999,0.23420000000000002,0.0475
0.7105,0.24059999999999998,0.048900000000000006
0.7030000000000001,0.24610000000000004,0.0509
0.6968000000000001,0.2507,0.052500000000000005
0.6902999999999999,0.25549999999999995,0.054200000000000005
0.6835000000000001,0.26060000000000005,0.055900000000000005
0.6766,0.26670000000000005,0.05670000000000001
0.6702,0.27140000000000003,0.05840000000000001
0.6628000000000001,0.2771,0.06010000000000001
0.6533,0.2855,0.06120000000000001
0.6469,0.2907,0.0624
0.6403000000000001,0.2957,0.06399999999999999
0.6326999999999999,0.3016,0.06570000000000001
0.6239,0.30840000000000006,0.06770000000000001
0.6164999999999999,0.314,0.0695
0.6096,0.3191,0.07129999999999999
0.6014,0.3258,0.07279999999999999
0.5951000000000001,0.3302,0.07469999999999999
0.5875,0.3357,0.0768
0.5806,0.3392,0.0802
0.574,0.3441,0.0819
0.5678,0.348,0.0842
0.5607,0.3533,0.086
0.5530999999999999,0.3587,0.0882
0.5454000000000001,0.36490000000000006,0.0897
0.5381,0.36950000000000005,0.09240000000000001
0.5316000000000001,0.3741,0.0943
0.5242,0.3782,0.09759999999999999
0.5168,0.3831,0.10010000000000001
0.5094000000000001,0.38839999999999997,0.1022
0.5018,0.39370000000000005,0.10450000000000001
0.496,0.3954,0.10859999999999999
0.49040000000000006,0.39849999999999997,0.1111
0.48450000000000004,0.4022,0.1133
0.4780000000000001,0.4062,0.11579999999999999
0.47309999999999997,0.4082,0.1187
0.4653999999999999,0.41370000000000007,0.12090000000000001
0.45940000000000003,0.4181,0.12249999999999998
0.4526,0.42279999999999995,0.1246
0.4462999999999999,0.4260999999999999,0.1276
0.4396999999999999,0.43010000000000004,0.1302
0.43310000000000004,0.43410000000000004,0.1328
0.42730000000000007,0.43760000000000004,0.13509999999999997
0.4229,0.43899999999999995,0.1381
0.4165,0.44299999999999995,0.14049999999999999
0.4096,0.44719999999999993,0.1432
0.404,0.44960000000000006,0.1464
0.3978,0.45309999999999995,0.1491
0.39170000000000005,0.45600000000000007,0.15229999999999996
0.3849000000000001,0.45949999999999996,0.15560000000000002
0.3799,0.4609,0.15919999999999998
0.3749,0.4622,0.1629
0.3681,0.46530000000000005,0.16660000000000003
0.3638,0.46740000000000004,0.1688
0.3587,0.4699,0.1714
0.35440000000000005,0.47169999999999995,0.1739
0.3485,0.47409999999999997,0.17739999999999997
0.3436,0.4763,0.1801
0.3389,0.4781000000000001,0.183
0.3339,0.47919999999999996,0.1869
0.3302999999999999,0.4795,0.1902
0.32700000000000007,0.48019999999999996,0.1928
0.32230000000000003,0.4824,0.1953
0.31720000000000004,0.48519999999999996,0.19760000000000005
0.3112,0.4873000000000001,0.2015
0.3078,0.48789999999999994,0.20429999999999998
0.3029,0.4889000000000001,0.2082
0.29850000000000004,0.49119999999999997,0.21030000000000001
0.29439999999999994,0.492,0.2136
0.2903,0.4939,0.2158
0.28620000000000007,0.495,0.21880000000000002
0.28280000000000005,0.49580000000000013,0.22140000000000004
0.27859999999999996,0.4976000000000001,0.2238
0.2741,0.49910000000000004,0.22679999999999997
0.2695,0.5005,0.23000000000000004
0.266,0.5005000000000001,0.23349999999999999
0.2615,0.5015000000000001,0.23700000000000002
0.2573,0.5024000000000001,0.2403
0.25460000000000005,0.5016999999999999,0.24370000000000003
0.2516,0.502,0.2464
0.248,0.5025,0.2495
0.24429999999999996,0.5023000000000001,0.25339999999999996
0.2394,0.5037,0.2569
0.2358,0.5042,0.26
0.23320000000000002,0.5037,0.2631
0.23019999999999996,0.5039999999999999,0.2657999999999999
0.2257,0.5053,0.269
0.2219,0.5054000000000001,0.27270000000000005
0.219,0.5054000000000001,0.2756
0.21569999999999995,0.506,0.2783
0.2123,0.5062,0.28150000000000003
0.2085,0.5065,0.285
0.205,0.5068,0.28819999999999996
0.2011,0.5076,0.2913
0.1976,0.5078,0.2946
0.19529999999999997,0.5065999999999999,0.29810000000000003
0.1929,0.5058,0.3013
0.1901,0.5052000000000001,0.3047
0.18729999999999997,0.5045,0.3082
0.18339999999999998,0.5055000000000001,0.31110000000000004
0.181,0.5048999999999999,0.31410000000000005
0.1778,0.5053000000000001,0.31690000000000007
0.175,0.5046000000000002,0.32039999999999996
0.17170000000000002,0.5058,0.32249999999999995
0.16949999999999998,0.5052000000000001,0.32530000000000003
0.1675,0.5044,0.3281
0.1648,0.5045,0.33070000000000005
0.16229999999999997,0.5043000000000001,0.33340000000000003
0.1603,0.5036,0.3361
0.1589,0.5025000000000001,0.3386
0.1568,0.5018,0.34140000000000004
0.15499999999999997,0.5009,0.3441
0.1526,0.5005,0.3469
0.15109999999999998,0.49960000000000004,0.3493
0.1477,0.5005999999999999,0.3517
0.146,0.4998,0.35419999999999996
0.1443,0.49850000000000005,0.35719999999999996
0.1424,0.4976000000000001,0.36
0.1398,0.4962,0.36400000000000005
0.1377,0.4944,0.3679
0.1355,0.4936,0.37089999999999995
0.13430000000000003,0.492,0.37370000000000003
0.1326,0.4902,0.3772
0.13069999999999998,0.4885,0.3808000000000001
0.1286,0.4878,0.3836
0.127,0.48629999999999995,0.3867
0.12510000000000002,0.48640000000000005,0.3885
0.1233,0.4856999999999999,0.39100000000000007
0.1217,0.48460000000000003,0.39369999999999994
0.1204,0.4831999999999999,0.3964
0.11879999999999999,0.4807,0.40049999999999997
0.11779999999999999,0.4786,0.40360000000000007
0.1162,0.47680000000000006,0.4069999999999999
0.1146,0.47509999999999997,0.4102999999999999
0.11340000000000001,0.4734999999999999,0.4131
0.1119,0.47190000000000004,0.4162
0.10980000000000001,0.4705000000000001,0.4197
0.1089,0.46909999999999996,0.422
0.10740000000000001,0.4685,0.4241
0.10640000000000001,0.46740000000000004,0.4262
0.10500000000000001,0.46679999999999994,0.4282
0.10389999999999999,0.46480000000000005,0.43129999999999996
0.1031,0.46270000000000006,0.4342
0.1022,0.4593,0.4385
0.10089999999999999,0.4575,0.44159999999999994
0.1002,0.4553,0.4445
0.09879999999999999,0.4527,0.44849999999999995
0.09779999999999998,0.45170000000000005,0.4505
0.09599999999999999,0.4502,0.45380000000000004
0.0953,0.44860000000000005,0.4561
0.0949,0.44589999999999996,0.45920000000000005
0.09319999999999999,0.4457000000000001,0.46109999999999995
0.0924,0.44370000000000004,0.4639000000000001
0.09159999999999999,0.44089999999999996,0.46749999999999997
0.09059999999999999,0.43789999999999996,0.4715
0.08959999999999999,0.43649999999999994,0.4739
0.089,0.43410000000000004,0.4769
0.08809999999999998,0.43199999999999994,0.47990000000000005
0.08669999999999999,0.4311,0.4822
0.086,0.42869999999999997,0.48529999999999995
0.08489999999999999,0.426,0.4891
0.08409999999999998,0.42400000000000004,0.49190000000000006
0.08349999999999999,0.4222,0.4943000000000001
0.0827,0.41980000000000006,0.4974999999999999
0.08199999999999999,0.4175,0.5005000000000001
0.0813,0.4157,0.5029999999999999
0.08049999999999999,0.41390000000000005,0.5056
0.0797,0.41290000000000004,0.5074000000000001
0.07899999999999999,0.41100000000000003,0.51
0.0785,0.40920000000000006,0.5123
0.0777,0.4082,0.5141000000000001
0.0764,0.4076000000000001,0.516
0.076,0.4058,0.5182
0.0752,0.4042,0.5206
0.0744,0.4023,0.5233000000000001
0.0732,0.4004,0.5264
0.07269999999999999,0.3984,0.5289
0.07210000000000001,0.3967,0.5311999999999999
0.0716,0.3958,0.5326000000000001
0.07089999999999999,0.39360000000000006,0.5355
0.06999999999999999,0.39260000000000006,0.5374000000000001
0.0696,0.3905,0.5399
0.06870000000000001,0.3889000000000001,0.5424
0.0682,0.3873,0.5445
0.0672,0.3859,0.5469
0.0663,0.38499999999999995,0.5487
0.06539999999999999,0.3842,0.5504
0.0652,0.3821,0.5527
0.06400000000000002,0.3809,0.5551
0.06359999999999999,0.3799,0.5565
0.0628,0.3788,0.5584
0.061999999999999986,0.37709999999999994,0.5609
0.0613,0.37639999999999996,0.5623
0.06080000000000001,0.3741,0.5650999999999999
0.0601,0.3721,0.5678
0.059899999999999995,0.37,0.5701
0.0595,0.3678,0.5727
0.05870000000000001,0.36639999999999995,0.5749
0.0581,0.3639,0.5780000000000001
0.057699999999999994,0.3626,0.5797000000000001
0.057100000000000005,0.36179999999999995,0.5811
0.056600000000000004,0.3604,0.5829999999999999
0.05550000000000001,0.3599,0.5846
0.054599999999999996,0.359,0.5864
0.05419999999999999,0.35750000000000004,0.5883
0.05369999999999999,0.3557,0.5906
0.05349999999999999,0.354,0.5925
0.05299999999999999,0.3525,0.5944999999999998
0.052700000000000004,0.3509,0.5963999999999998
0.052500000000000005,0.34940000000000004,0.5981000000000001
0.0522,0.3473,0.6005
0.0516,0.34550000000000003,0.6029
0.0516,0.3435,0.6049
0.051500000000000004,0.341,0.6074999999999999
0.0511,0.33940000000000003,0.6094999999999999
0.0505,0.3377,0.6118
0.0503,0.33649999999999997,0.6132
0.0498,0.33429999999999993,0.6158999999999999
0.04939999999999999,0.3324,0.6182
0.04869999999999999,0.33120000000000005,0.6201
0.04839999999999999,0.32989999999999997,0.6216999999999999
0.04809999999999999,0.3287,0.6232
0.04789999999999999,0.32670000000000005,0.6254
0.04739999999999999,0.32539999999999997,0.6272000000000001
0.04709999999999999,0.3245,0.6284000000000001
0.04639999999999999,0.3235,0.6301000000000001
0.04599999999999999,0.3216,0.6324
0.0455,0.3207,0.6338000000000001
0.04529999999999999,0.31900000000000006,0.6357
0.045,0.31679999999999997,0.6382000000000001
0.044899999999999995,0.31579999999999997,0.6393000000000001
0.04429999999999999,0.31449999999999995,0.6412000000000001
0.04379999999999999,0.31320000000000003,0.643
0.04329999999999999,0.31209999999999993,0.6446000000000001
0.042699999999999995,0.3106,0.6467
0.04259999999999999,0.3089,0.6485000000000001
0.042199999999999994,0.3074,0.6504
0.04189999999999999,0.3061999999999999,0.6519
0.041199999999999994,0.305,0.6537999999999999
0.041199999999999994,0.3034,0.6554
0.041199999999999994,0.30129999999999996,0.6575
0.04089999999999999,0.2995,0.6596
0.04079999999999999,0.298,0.6612000000000001
0.04019999999999999,0.29640000000000005,0.6634
0.0397,0.2952,0.6651
0.039599999999999996,0.29289999999999994,0.6675
0.039299999999999995,0.2914,0.6693
0.03899999999999999,0.29009999999999997,0.6708999999999999
0.03899999999999999,0.2878,0.6731999999999999
0.0387,0.2868,0.6745
0.0385,0.2852,0.6763
0.038,0.2843,0.6777
0.0379,0.2834,0.6787000000000001
0.0376,0.28200000000000003,0.6804
0.0371,0.28040000000000004,0.6825
0.0368,0.27870000000000006,0.6845000000000001
0.0366,0.27749999999999997,0.6859
0.0364,0.2758000000000001,0.6878
0.0364,0.27349999999999997,0.6900999999999999
0.0363,0.27140000000000003,0.6923
0.036,0.27080000000000004,0.6931999999999999
0.036,0.26949999999999996,0.6944999999999999
0.0359,0.26780000000000004,0.6962999999999999
0.0354,0.2671,0.6975
0.0354,0.26520000000000005,0.6993999999999999
0.034999999999999996,0.2641,0.7009000000000001
0.034699999999999995,0.2629,0.7024000000000001
0.03440000000000001,0.2616,0.704
0.03430000000000001,0.2601,0.7055999999999999
0.034100000000000005,0.2593,0.7066
0.033900000000000007,0.2581,0.708
0.03380000000000001,0.2569,0.7093
0.033600000000000005,0.2561,0.7103
0.03320000000000001,0.2556,0.7111999999999999
0.032900000000000006,0.2548,0.7122999999999999
0.032900000000000006,0.25339999999999996,0.7137
0.03280000000000001,0.2521,0.7151
0.03270000000000001,0.24970000000000003,0.7175999999999999
0.03270000000000001,0.24779999999999996,0.7194999999999999
0.03270000000000001,0.24619999999999997,0.7211000000000001
0.03250000000000001,0.2452,0.7223
0.032400000000000005,0.2439,0.7236999999999999
0.03230000000000001,0.2427,0.7249999999999999
0.032100000000000004,0.24159999999999995,0.7263
0.031700000000000006,0.24050000000000002,0.7278
0.03150000000000001,0.2398,0.7287
0.031400000000000004,0.2387,0.7299
0.03130000000000001,0.2378,0.7309000000000001
0.031100000000000006,0.2365,0.7324
0.031000000000000007,0.23570000000000002,0.7333000000000001
0.030900000000000004,0.23470000000000005,0.7343999999999999
0.030900000000000004,0.2327,0.7364
0.030800000000000004,0.2319,0.7372999999999998
0.030500000000000006,0.2313,0.7382
0.030300000000000004,0.22970000000000002,0.74
0.030300000000000004,0.2278,0.7419
0.030300000000000004,0.2266,0.7431000000000001
0.030000000000000006,0.22600000000000003,0.744
0.029700000000000004,0.22380000000000005,0.7464999999999999
0.029700000000000004,0.22240000000000007,0.7478999999999998
0.029300000000000003,0.22159999999999996,0.7491
0.029100000000000004,0.2204,0.7505000000000001
0.029000000000000005,0.2186,0.7524000000000001
0.028800000000000003,0.21770000000000006,0.7535000000000001
0.028700000000000003,0.21620000000000003,0.7551
0.028500000000000004,0.21590000000000004,0.7556
0.028300000000000002,0.2145,0.7571999999999999
0.028000000000000004,0.21380000000000005,0.7582000000000001
0.028000000000000004,0.2117,0.7603000000000001
0.0279,0.21000000000000002,0.7621
0.027800000000000002,0.20909999999999998,0.7631
0.027600000000000003,0.20800000000000002,0.7644
0.027500000000000004,0.20709999999999998,0.7654
0.0273,0.20610000000000003,0.7666000000000001
0.027199999999999995,0.2052,0.7676
0.027199999999999995,0.20390000000000003,0.7688999999999999
0.027199999999999995,0.20290000000000002,0.7699
0.027099999999999996,0.202,0.7708999999999999
0.027099999999999996,0.2004,0.7725000000000002
0.026899999999999997,0.199,0.7741000000000001
0.026799999999999997,0.19799999999999995,0.7752000000000001
0.026499999999999996,0.197,0.7765
0.026299999999999997,0.1957,0.778
0.026199999999999994,0.1947,0.7791
0.026199999999999994,0.19360000000000002,0.7802
0.026099999999999995,0.19229999999999997,0.7816
0.025999999999999995,0.19049999999999997,0.7835000000000001
0.025899999999999996,0.1889,0.7851999999999999
0.025899999999999996,0.18769999999999995,0.7864000000000001
0.025899999999999996,0.1867,0.7874
0.025899999999999996,0.18570000000000003,0.7884
0.025699999999999994,0.1847,0.7895999999999999
0.025699999999999994,0.1838,0.7905
0.025499999999999995,0.18319999999999997,0.7913
0.025399999999999995,0.1822,0.7924
0.025399999999999995,0.1813,0.7933
0.025299999999999996,0.1804,0.7943
0.024899999999999995,0.1798,0.7952999999999999
0.024899999999999995,0.179,0.7961
0.0248,0.1774,0.7978
0.0248,0.1759,0.7993
0.0248,0.1748,0.8004
0.0248,0.17319999999999997,0.8019999999999999
0.0246,0.17229999999999998,0.8031
0.0246,0.17139999999999997,0.8039999999999999
0.0246,0.1703,0.8051
0.024399999999999998,0.1694,0.8061999999999999
0.0243,0.16839999999999997,0.8073000000000002
0.0242,0.16750000000000004,0.8083
0.0242,0.1665,0.8093
0.0241,0.1652,0.8107
0.023899999999999998,0.16449999999999998,0.8116
0.023899999999999998,0.1636,0.8124999999999998
0.0236,0.1629,0.8135
0.0236,0.1617,0.8147000000000002
0.0236,0.1609,0.8155000000000001
0.023399999999999997,0.1605,0.8160999999999999
0.023,0.1591,0.8179000000000001
0.023,0.1578,0.8192
0.023,0.1571,0.8199
0.022899999999999997,0.1567,0.8204
0.022899999999999997,0.15589999999999998,0.8211999999999999
0.022899999999999997,0.15499999999999997,0.8221
0.022799999999999997,0.1548,0.8224
0.022799999999999997,0.1535,0.8237
0.022799999999999997,0.15289999999999998,0.8242999999999998
0.022799999999999997,0.1522,0.825
0.022799999999999997,0.1517,0.8254999999999999
0.022699999999999998,0.15109999999999998,0.8261999999999998
0.022699999999999998,0.1499,0.8273999999999999
0.0225,0.1492,0.8282999999999999
0.022399999999999996,0.1491,0.8285
0.022199999999999998,0.1483,0.8295
0.022099999999999998,0.14749999999999996,0.8303999999999998
0.022099999999999998,0.14689999999999998,0.8309999999999998
0.022,0.14579999999999999,0.8321999999999999
0.021899999999999996,0.14459999999999998,0.8334999999999999
0.021899999999999996,0.144,0.8341000000000001
0.0218,0.143,0.8351999999999998
0.0218,0.14240000000000003,0.8358000000000001
0.0217,0.14130000000000004,0.837
0.0216,0.1405,0.8379
0.0216,0.13940000000000002,0.8390000000000001
0.0214,0.1388,0.8398
0.0213,0.1386,0.8401
0.0213,0.1375,0.8412000000000001
0.020999999999999998,0.1371,0.8419000000000001
0.0209,0.1355,0.8436
0.0209,0.1346,0.8445
0.0209,0.1336,0.8455
0.0209,0.1331,0.8459999999999999
0.0208,0.13240000000000002,0.8468
0.0208,0.132,0.8472
0.0207,0.1315,0.8478
0.0207,0.1308,0.8484999999999999
0.0206,0.1305,0.8489000000000001
0.0206,0.1301,0.8493
0.020399999999999998,0.12930000000000003,0.8503000000000001
0.020399999999999998,0.12830000000000003,0.8513
0.0203,0.12789999999999999,0.8517999999999999
0.0203,0.12730000000000002,0.8523999999999999
0.0201,0.1268,0.8531000000000001
0.0201,0.1259,0.8539999999999999
0.0201,0.1246,0.8553
0.0201,0.1238,0.8561
0.0201,0.123,0.8568999999999999
0.019899999999999998,0.1227,0.8573999999999999
0.019899999999999998,0.122,0.8581
0.019899999999999998,0.1214,0.8587
0.019799999999999998,0.12090000000000001,0.8593
0.0197,0.1204,0.8599
0.0197,0.11969999999999999,0.8606
0.0197,0.11860000000000001,0.8616999999999999
0.0197,0.118,0.8623000000000001
0.0197,0.11709999999999998,0.8632
0.0197,0.11669999999999998,0.8636000000000001
0.0197,0.11610000000000001,0.8642
0.0197,0.1145,0.8657999999999999
0.0197,0.11410000000000001,0.8662000000000001
0.0196,0.1132,0.8672000000000001
0.0196,0.1127,0.8676999999999999
0.0196,0.1123,0.8680999999999999
0.0196,0.1117,0.8686999999999999
0.019499999999999997,0.1115,0.869
0.019399999999999997,0.11069999999999999,0.8699
0.019399999999999997,0.11019999999999999,0.8703999999999998
0.019399999999999997,0.10939999999999998,0.8712
0.019299999999999998,0.10900000000000001,0.8716999999999999
0.0192,0.1085,0.8722999999999999
0.0192,0.10799999999999998,0.8728
0.0192,0.1076,0.8732
0.0192,0.10729999999999999,0.8734999999999999
0.0191,0.10699999999999998,0.8739000000000001
0.0191,0.1055,0.8754
0.018999999999999996,0.10459999999999998,0.8764
0.018999999999999996,0.1041,0.8769
0.018899999999999997,0.1041,0.877
0.018899999999999997,0.10399999999999998,0.8771000000000001
0.018899999999999997,0.10300000000000001,0.8780999999999999
0.018899999999999997,0.1026,0.8785000000000001
0.018899999999999997,0.10159999999999998,0.8795
0.018799999999999997,0.10099999999999998,0.8802
0.018699999999999998,0.10049999999999999,0.8808000000000001
0.018699999999999998,0.09969999999999998,0.8816
0.0186,0.09889999999999997,0.8825
0.0186,0.09799999999999999,0.8834000000000002
0.0186,0.09739999999999999,0.8840000000000001
0.018499999999999996,0.09679999999999998,0.8846999999999999
0.018499999999999996,0.09619999999999998,0.8853
0.018499999999999996,0.09569999999999998,0.8858
0.018499999999999996,0.09489999999999998,0.8865999999999999
0.018399999999999996,0.09459999999999999,0.8870000000000001
0.018399999999999996,0.09359999999999999,0.8879999999999999
0.018399999999999996,0.09319999999999999,0.8884000000000001
0.018299999999999997,0.09269999999999998,0.889
0.0182,0.09219999999999999,0.8896000000000001
0.018099999999999998,0.09179999999999998,0.8901000000000001
0.018099999999999998,0.09129999999999998,0.8906000000000001
0.018,0.0909,0.8911
0.018,0.09019999999999997,0.8917999999999999
0.018,0.08919999999999997,0.8928
0.0179,0.08879999999999999,0.8933000000000002
0.0179,0.08829999999999998,0.8938
0.0179,0.08779999999999998,0.8943
0.0179,0.08749999999999998,0.8946
0.0179,0.08689999999999998,0.8952
0.0178,0.0865,0.8957
0.0178,0.08629999999999999,0.8959000000000001
0.0177,0.08589999999999999,0.8964000000000001
0.0177,0.0852,0.8971
0.0177,0.0848,0.8975000000000002
0.0177,0.08449999999999999,0.8977999999999999
0.017599999999999998,0.08379999999999999,0.8986000000000001
0.017599999999999998,0.08349999999999999,0.8989
0.017599999999999998,0.08310000000000001,0.8993000000000002
0.017599999999999998,0.0827,0.8997000000000002
0.017599999999999998,0.0818,0.9006000000000001
0.017599999999999998,0.08130000000000001,0.9010999999999999
0.017599999999999998,0.0812,0.9012
0.017599999999999998,0.08049999999999999,0.9018999999999998
0.017599999999999998,0.08020000000000001,0.9021999999999999
0.017599999999999998,0.08009999999999999,0.9022999999999998
0.017599999999999998,0.07949999999999999,0.9029
0.017499999999999998,0.0793,0.9032
0.017499999999999998,0.07869999999999999,0.9038
0.017499999999999998,0.07819999999999999,0.9043000000000001
0.017499999999999998,0.0777,0.9048000000000002
0.017499999999999998,0.077,0.9055
0.017499999999999998,0.0763,0.9061999999999999
0.017499999999999998,0.07610000000000001,0.9064
0.017499999999999998,0.07590000000000001,0.9065999999999999
0.0174,0.0756,0.907
0.0173,0.0754,0.9073
0.0173,0.0748,0.9079
0.0173,0.07390000000000001,0.9087999999999999
0.0173,0.07310000000000001,0.9095999999999999
0.0172,0.0728,0.9099999999999999
0.017099999999999997,0.07239999999999999,0.9104999999999999
0.017099999999999997,0.07210000000000001,0.9107999999999998
0.0168,0.0723,0.9108999999999998
0.0168,0.0718,0.9113999999999999
0.0168,0.0713,0.9118999999999999
0.0168,0.0706,0.9126000000000001
0.0168,0.0703,0.9129000000000002
0.0167,0.06999999999999999,0.9133000000000001
0.0167,0.0696,0.9137000000000001
0.0167,0.06899999999999999,0.9143000000000001
0.0167,0.0686,0.9147000000000001
0.0167,0.06839999999999999,0.9149
0.0167,0.06820000000000001,0.9151
0.016599999999999997,0.06810000000000001,0.9153
0.0165,0.06810000000000001,0.9154
0.0165,0.0675,0.916
0.0165,0.067,0.9165000000000001
0.0165,0.0664,0.9170999999999999
0.0165,0.066,0.9175000000000001
0.0164,0.0658,0.9178000000000001
0.0164,0.0656,0.9180000000000001
0.0164,0.0654,0.9182
0.0164,0.0653,0.9183
0.0164,0.0645,0.9191
0.016300000000000002,0.06420000000000001,0.9195
0.016300000000000002,0.06380000000000001,0.9198999999999999
0.016300000000000002,0.0635,0.9202
0.016300000000000002,0.0635,0.9202
0.016300000000000002,0.0632,0.9205
0.016300000000000002,0.06280000000000001,0.9209000000000002
0.016300000000000002,0.0625,0.9212000000000001
0.016300000000000002,0.0622,0.9215
0.016300000000000002,0.0615,0.9222000000000001
0.016300000000000002,0.060899999999999996,0.9228000000000003
0.016300000000000002,0.06060000000000001,0.9231000000000001
0.016300000000000002,0.06020000000000001,0.9235000000000001
0.016300000000000002,0.06000000000000001,0.9237
0.016300000000000002,0.059800000000000006,0.9239
0.016300000000000002,0.0596,0.9241000000000001
0.016300000000000002,0.059300000000000005,0.9244
0.0162,0.05890000000000001,0.9249
0.0162,0.058300000000000005,0.9255000000000001
0.0162,0.05770000000000001,0.9261000000000001
0.0162,0.05750000000000001,0.9263000000000001
0.0162,0.05720000000000001,0.9266000000000002
0.0162,0.0563,0.9275
0.0162,0.05620000000000001,0.9276
0.0162,0.05550000000000001,0.9283000000000001
0.0162,0.0551,0.9286999999999999
0.0162,0.054700000000000006,0.9291
0.0162,0.054700000000000006,0.9291
0.0161,0.05450000000000001,0.9294
0.0161,0.054200000000000005,0.9297000000000001
0.0161,0.0541,0.9297999999999998
0.0161,0.0536,0.9302999999999999
0.0161,0.0533,0.9305999999999999
0.016,0.053200000000000004,0.9308000000000002
0.0159,0.0531,0.931
0.0159,0.0528,0.9313
0.0159,0.0526,0.9315
0.0159,0.0524,0.9317
0.0159,0.0519,0.9321999999999999
0.0159,0.0519,0.9321999999999999
0.0159,0.0517,0.9324
0.0159,0.051000000000000004,0.9330999999999999
0.0159,0.0506,0.9335000000000001
0.0159,0.0503,0.9338000000000001
0.0159,0.049699999999999994,0.9344000000000001
0.0159,0.0493,0.9348000000000001
0.0159,0.0493,0.9348000000000001
0.0159,0.04889999999999999,0.9352
0.0159,0.04869999999999999,0.9353999999999999
0.0159,0.04839999999999999,0.9357000000000001
0.0159,0.04839999999999999,0.9357000000000001
0.0159,0.04819999999999999,0.9359
0.0159,0.047799999999999995,0.9362999999999999
0.0159,0.04739999999999999,0.9366999999999999
0.0159,0.04739999999999999,0.9366999999999999
0.0159,0.04719999999999999,0.9369
0.0158,0.047299999999999995,0.9369
0.0158,0.04709999999999999,0.9371
0.0158,0.04689999999999999,0.9372999999999999
0.0158,0.04689999999999999,0.9372999999999999
0.0158,0.04639999999999999,0.9377999999999999
0.0158,0.04609999999999999,0.9381
0.0158,0.04569999999999999,0.9385
0.0158,0.04529999999999999,0.9389000000000001
0.0158,0.045,0.9392000000000001
0.0158,0.0447,0.9395
0.0158,0.04429999999999999,0.9399
0.0158,0.04429999999999999,0.9399
0.0158,0.044,0.9401999999999999
0.0158,0.043899999999999995,0.9403
0.0158,0.0435,0.9406999999999999
0.0158,0.042899999999999994,0.9413
0.0158,0.042499999999999996,0.9417
0.0158,0.042199999999999994,0.942
0.0157,0.042199999999999994,0.9420999999999997
0.0156,0.04179999999999999,0.9425999999999999
0.0156,0.041499999999999995,0.9428999999999998
0.0154,0.041699999999999994,0.9428999999999998
0.0154,0.041499999999999995,0.9430999999999999
0.0154,0.04129999999999999,0.9432999999999998
0.0154,0.04109999999999999,0.9434999999999999
0.0154,0.040499999999999994,0.9440999999999999
0.0154,0.040299999999999996,0.9442999999999999
0.0154,0.0401,0.9445000000000002
0.0154,0.0399,0.9447000000000001
0.0153,0.039799999999999995,0.9449000000000002
0.0153,0.0394,0.9453000000000001
0.0153,0.03899999999999999,0.9457000000000001
0.0153,0.0387,0.9460000000000001
0.0153,0.038599999999999995,0.9461
0.0153,0.038299999999999994,0.9463999999999999
0.0153,0.0382,0.9464999999999998
0.0153,0.038099999999999995,0.9465999999999998
0.0153,0.037899999999999996,0.9468
0.0153,0.0377,0.9469999999999998
0.0153,0.037599999999999995,0.9470999999999998
0.0153,0.037399999999999996,0.9472999999999999
0.0153,0.037399999999999996,0.9472999999999999
0.0153,0.0372,0.9475
0.0153,0.036599999999999994,0.9480999999999999
0.0153,0.036199999999999996,0.9484999999999999
0.0153,0.036199999999999996,0.9484999999999999
0.0153,0.03599999999999999,0.9487
0.0152,0.03599999999999999,0.9488
0.0152,0.03599999999999999,0.9488
0.0152,0.035899999999999994,0.9488999999999999
0.0152,0.03579999999999999,0.9490000000000001
0.0152,0.03549999999999999,0.9492999999999998
0.0152,0.035399999999999994,0.9493999999999998
0.0152,0.034999999999999996,0.9497999999999998
0.0152,0.0349,0.9498999999999999
0.0152,0.0349,0.9498999999999999
0.0152,0.0346,0.9501999999999999
0.0152,0.034499999999999996,0.9502999999999998
0.0152,0.033999999999999996,0.9507999999999999
0.0152,0.033699999999999994,0.9511
0.0152,0.033299999999999996,0.9514999999999999
0.0152,0.032799999999999996,0.9519999999999997
0.0152,0.0326,0.9521999999999998
0.0152,0.032499999999999994,0.9522999999999998
0.0152,0.032299999999999995,0.9524999999999999
0.0152,0.0321,0.9526999999999999
0.0152,0.031999999999999994,0.9527999999999999
0.0152,0.031599999999999996,0.9531999999999998
0.0152,0.0314,0.9533999999999999
0.0152,0.031100000000000006,0.9536999999999999
0.0152,0.030900000000000004,0.9539
0.0152,0.030600000000000006,0.9542000000000002
0.0152,0.030600000000000006,0.9542000000000002
0.0152,0.030400000000000003,0.9544
0.0152,0.030300000000000004,0.9545
0.0152,0.030000000000000006,0.9548
0.0152,0.029800000000000004,0.9550000000000001
0.0152,0.029400000000000003,0.9554
0.0152,0.029300000000000003,0.9555
0.0152,0.029200000000000004,0.9555999999999999
0.015099999999999999,0.029200000000000004,0.9557
0.015099999999999999,0.028900000000000002,0.9559999999999998
0.015099999999999999,0.028700000000000003,0.9561999999999999
0.015099999999999999,0.028600000000000004,0.9562999999999999
0.015099999999999999,0.028300000000000002,0.9565999999999999
0.015099999999999999,0.028000000000000004,0.9568999999999999
0.015,0.028000000000000004,0.9570000000000001
0.015,0.0279,0.9571
0.015,0.027700000000000002,0.9573
0.015,0.027600000000000003,0.9574
0.015,0.027600000000000003,0.9574
0.015,0.027500000000000004,0.9575000000000001
0.015,0.027100000000000003,0.9579000000000001
0.015,0.027000000000000003,0.958
0.015,0.027000000000000003,0.958
0.015,0.0267,0.9582999999999998
0.015,0.0267,0.9582999999999998
0.015,0.026500000000000003,0.9584999999999999
0.015,0.0264,0.9586
0.0149,0.0263,0.9587999999999999
0.0149,0.0261,0.959
0.0149,0.0259,0.9591999999999998
0.0149,0.0258,0.9593
0.0149,0.0256,0.9594999999999999
0.0149,0.0254,0.9597
0.0149,0.0252,0.9598999999999999
0.0149,0.0252,0.9598999999999999
0.0149,0.0252,0.9598999999999999
0.0149,0.0252,0.9598999999999999
0.0149,0.0251,0.96
0.0149,0.0251,0.96
0.0149,0.0247,0.9603999999999999
0.014800000000000002,0.0247,0.9605
0.014800000000000002,0.0246,0.9606
0.014800000000000002,0.0246,0.9606
0.014800000000000002,0.0245,0.9606999999999999
0.014800000000000002,0.024300000000000002,0.9608999999999999
0.014800000000000002,0.024,0.9612
0.014800000000000002,0.0238,0.9614
0.014800000000000002,0.023700000000000002,0.9615000000000002
0.014800000000000002,0.023700000000000002,0.9615000000000002
0.014800000000000002,0.023600000000000003,0.9616000000000001
0.014600000000000002,0.0238,0.9616000000000001
0.014500000000000002,0.0238,0.9617000000000001
0.014500000000000002,0.0238,0.9617000000000001
0.014500000000000002,0.023600000000000003,0.9619
0.014500000000000002,0.023600000000000003,0.9619
0.014500000000000002,0.0235,0.9620000000000001
0.014400000000000001,0.023600000000000003,0.9620000000000001
0.014400000000000001,0.023600000000000003,0.9620000000000001
0.014400000000000001,0.0234,0.9621999999999999
0.014400000000000001,0.023200000000000002,0.9624
0.014400000000000001,0.023100000000000002,0.9625
0.014400000000000001,0.023,0.9626000000000001
0.014400000000000001,0.023,0.9626000000000001
0.014400000000000001,0.0228,0.9628
0.014400000000000001,0.022600000000000002,0.9630000000000001
0.014400000000000001,0.0222,0.9633999999999998
0.014400000000000001,0.0221,0.9635
0.014400000000000001,0.022,0.9636000000000001
0.014400000000000001,0.0217,0.9639000000000001
0.014400000000000001,0.0215,0.9641
0.014400000000000001,0.0213,0.9643
0.014300000000000002,0.0213,0.9644
0.014300000000000002,0.0211,0.9646000000000001
0.014300000000000002,0.0208,0.9648999999999999
0.014300000000000002,0.0208,0.9648999999999999
0.014300000000000002,0.0207,0.9649999999999999
0.014300000000000002,0.020499999999999997,0.9651999999999997
0.014300000000000002,0.0203,0.9653999999999998
0.014300000000000002,0.0202,0.9654999999999999
0.014300000000000002,0.0201,0.9655999999999999
0.014300000000000002,0.0201,0.9655999999999999
0.014300000000000002,0.0201,0.9655999999999999
0.014300000000000002,0.0201,0.9655999999999999
0.014300000000000002,0.019999999999999997,0.9656999999999998
0.014300000000000002,0.019899999999999998,0.9658
0.014300000000000002,0.019799999999999998,0.9658999999999999
0.014300000000000002,0.019799999999999998,0.9658999999999999
0.014300000000000002,0.019799999999999998,0.9658999999999999
0.014300000000000002,0.019799999999999998,0.9658999999999999
0.014300000000000002,0.0197,0.966
0.014300000000000002,0.019499999999999997,0.9662
0.014300000000000002,0.019499999999999997,0.9662
0.014300000000000002,0.019499999999999997,0.9662
0.014300000000000002,0.0192,0.9664999999999999
0.014300000000000002,0.0192,0.9664999999999999
0.014300000000000002,0.0191,0.9666
0.014300000000000002,0.0191,0.9666
0.014300000000000002,0.018999999999999996,0.9667000000000001
0.014300000000000002,0.018799999999999997,0.9669000000000001
0.014300000000000002,0.018499999999999996,0.9672000000000001
0.014300000000000002,0.018499999999999996,0.9672000000000001
0.014300000000000002,0.018499999999999996,0.9672000000000001
0.014300000000000002,0.018399999999999996,0.9673
0.014300000000000002,0.018199999999999997,0.9674999999999999
0.014300000000000002,0.017999999999999995,0.9677
0.014300000000000002,0.017999999999999995,0.9677
0.014300000000000002,0.017999999999999995,0.9677
0.014300000000000002,0.017899999999999996,0.9677999999999999
0.014300000000000002,0.017699999999999997,0.968
0.014300000000000002,0.017599999999999998,0.9681
0.014300000000000002,0.017399999999999995,0.9682999999999999
0.014300000000000002,0.017399999999999995,0.9682999999999999
0.014300000000000002,0.017099999999999997,0.9685999999999998
0.014300000000000002,0.017099999999999997,0.9685999999999998
0.014300000000000002,0.017099999999999997,0.9685999999999998
0.014300000000000002,0.017099999999999997,0.9685999999999998
0.014300000000000002,0.016999999999999994,0.9686999999999998
0.014300000000000002,0.016999999999999994,0.9686999999999998
0.014300000000000002,0.016699999999999996,0.969
0.014300000000000002,0.016699999999999996,0.969
0.014300000000000002,0.016699999999999996,0.969
0.014300000000000002,0.016599999999999997,0.9690999999999999
0.014300000000000002,0.016499999999999994,0.9691999999999998
0.014300000000000002,0.016299999999999995,0.9693999999999999
0.014300000000000002,0.016299999999999995,0.9693999999999999
0.014300000000000002,0.016299999999999995,0.9693999999999999
0.014300000000000002,0.0162,0.9694999999999998
0.014300000000000002,0.0162,0.9694999999999998
0.014199999999999999,0.016300000000000002,0.9694999999999998
0.014199999999999999,0.0162,0.9696
0.014199999999999999,0.0159,0.9699
0.014199999999999999,0.0159,0.9699
0.014199999999999999,0.0158,0.97
0.014199999999999999,0.0157,0.9701000000000001
0.014199999999999999,0.0157,0.9701000000000001
0.014199999999999999,0.0155,0.9703000000000002
0.014199999999999999,0.0154,0.9704
0.014199999999999999,0.015000000000000003,0.9708
0.014199999999999999,0.015000000000000003,0.9708
0.014199999999999999,0.014900000000000002,0.9709
0.014199999999999999,0.014900000000000002,0.9709
0.014199999999999999,0.014800000000000002,0.9710000000000001
0.014199999999999999,0.014800000000000002,0.9710000000000001
0.014199999999999999,0.014700000000000001,0.9711000000000001
0.014199999999999999,0.014700000000000001,0.9711000000000001
0.014199999999999999,0.014500000000000002,0.9713
0.014199999999999999,0.014500000000000002,0.9713
0.014199999999999999,0.014500000000000002,0.9713
0.014199999999999999,0.014400000000000001,0.9714
0.014199999999999999,0.0142,0.9715999999999999
0.014199999999999999,0.014100000000000001,0.9716999999999999
0.014199999999999999,0.014100000000000001,0.9716999999999999
0.014199999999999999,0.014100000000000001,0.9716999999999999
0.014099999999999998,0.0142,0.9716999999999999
0.014099999999999998,0.0142,0.9716999999999999
0.014099999999999998,0.014100000000000001,0.9718
0.014099999999999998,0.014000000000000002,0.9719
0.014099999999999998,0.013900000000000001,0.9720000000000001
0.014099999999999998,0.013800000000000002,0.9721
0.014099999999999998,0.013800000000000002,0.9721
0.013999999999999999,0.013800000000000002,0.9722
0.013999999999999999,0.0137,0.9722999999999999
0.013999999999999999,0.0137,0.9722999999999999
0.013999999999999999,0.0137,0.9722999999999999
0.013999999999999999,0.013600000000000001,0.9724
0.013999999999999999,0.013500000000000002,0.9724999999999999
0.013999999999999999,0.013500000000000002,0.9724999999999999
0.013999999999999999,0.0134,0.9725999999999999
0.013999999999999999,0.013300000000000001,0.9726999999999999
0.013999999999999999,0.013300000000000001,0.9726999999999999
0.013999999999999999,0.013300000000000001,0.9726999999999999
0.013999999999999999,0.0131,0.9728999999999999
0.013999999999999999,0.0131,0.9728999999999999
0.013999999999999999,0.013000000000000001,0.9729999999999999
0.013999999999999999,0.0126,0.9734
0.013999999999999999,0.0126,0.9734
0.013999999999999999,0.0126,0.9734
0.013999999999999999,0.0125,0.9734999999999999
0.013999999999999999,0.0123,0.9737
0.013999999999999999,0.0123,0.9737
0.013999999999999999,0.0123,0.9737
0.013999999999999999,0.0121,0.9738999999999999
0.013999999999999999,0.012,0.974
0.013999999999999999,0.011899999999999999,0.9741
0.013999999999999999,0.011899999999999999,0.9741
0.013999999999999999,0.0118,0.9742
0.013999999999999999,0.011699999999999999,0.9742999999999998
