S,I,R
0.9894000000000002,0.010499999999999999,0.0001
0.9893000000000001,0.010499999999999999,0.0002
0.9892,0.010499999999999999,0.00030000000000000003
0.9890000000000001,0.010699999999999998,0.00030000000000000003
0.9889000000000001,0.010699999999999998,0.0004
0.9888000000000001,0.010799999999999999,0.0004
0.9883999999999998,0.011199999999999998,0.0004
0.9880000000000001,0.0115,0.0005
0.9875999999999999,0.011899999999999999,0.0005
0.9875999999999999,0.011899999999999999,0.0005
0.9875,0.011899999999999999,0.0006000000000000001
0.9875,0.011899999999999999,0.0006000000000000001
0.9873000000000001,0.012,0.0007
0.9872,0.012,0.0008
0.9868999999999998,0.012199999999999999,0.0009000000000000001
0.9865999999999999,0.0123,0.0011
0.9865,0.0124,0.0011
0.9861000000000001,0.0128,0.0011
0.9859,0.0128,0.0013
0.9857000000000001,0.013000000000000001,0.0013
0.9857000000000001,0.0129,0.0014
0.9855,0.0131,0.0014
0.9853,0.013000000000000001,0.0017000000000000001
0.9852000000000001,0.0131,0.0017000000000000001
0.9846999999999999,0.013600000000000001,0.0017000000000000001
0.9841,0.014100000000000001,0.0018000000000000002
0.9837,0.014500000000000002,0.0018000000000000002
0.9833999999999999,0.014599999999999998,0.0020000000000000005
0.9829999999999999,0.014999999999999996,0.0020000000000000005
0.9825999999999999,0.015299999999999998,0.0021000000000000003
0.9823999999999999,0.015499999999999996,0.0021000000000000003
0.9822,0.0157,0.0021000000000000003
0.9818,0.015999999999999997,0.0022
0.9815000000000002,0.0162,0.0023
0.9811000000000002,0.016499999999999997,0.0024000000000000002
0.9809000000000001,0.016499999999999997,0.0026000000000000003
0.9806000000000001,0.0167,0.0027
0.9803000000000001,0.0169,0.0028
0.9799,0.0173,0.0028
0.9795999999999999,0.0172,0.0032000000000000006
0.9793,0.0174,0.0033
0.9788,0.0177,0.0035000000000000005
0.9783999999999999,0.018,0.0036000000000000003
0.9782,0.018,0.0038000000000000004
0.9779,0.018099999999999998,0.004
0.9776,0.018099999999999998,0.0043
0.9771000000000001,0.0185,0.0044
0.9768000000000001,0.0187,0.0045000000000000005
0.9763000000000002,0.0191,0.004600000000000001
0.9762000000000001,0.0191,0.0047
0.9761,0.0191,0.0048000000000000004
0.9757999999999999,0.019,0.0052
0.9753000000000001,0.0193,0.0054
0.9744999999999999,0.02,0.0055
0.9743999999999999,0.0198,0.0058
0.9742,0.0199,0.0059
0.9737,0.020200000000000003,0.0060999999999999995
0.9733999999999998,0.0205,0.0060999999999999995
0.9731,0.0206,0.0063
0.9727,0.021,0.0063
0.9723999999999998,0.021300000000000003,0.0063
0.9721,0.021500000000000002,0.0064
0.9719999999999999,0.021400000000000002,0.0066
0.9713999999999998,0.0216,0.006999999999999999
0.9705999999999999,0.022300000000000004,0.0070999999999999995
0.9702,0.022700000000000005,0.0070999999999999995
0.9698,0.023100000000000002,0.0070999999999999995
0.9693000000000002,0.0235,0.0072
0.9686999999999999,0.0239,0.0073999999999999995
0.9681000000000001,0.024299999999999995,0.0076
0.9677,0.024399999999999998,0.0079
0.9674999999999999,0.0245,0.008
0.9671,0.024800000000000003,0.0081
0.9667,0.0249,0.008400000000000001
0.9665999999999999,0.0249,0.0085
0.9658999999999999,0.0256,0.0085
0.9654,0.0261,0.0085
0.9651,0.0263,0.0086
0.9648000000000001,0.026500000000000003,0.008700000000000001
0.9644999999999999,0.026600000000000002,0.008900000000000002
0.9642,0.0268,0.008999999999999998
0.9635,0.027500000000000004,0.008999999999999998
0.9632000000000002,0.027600000000000003,0.009199999999999998
0.9626999999999999,0.028000000000000004,0.0093
0.9617000000000001,0.028900000000000002,0.009399999999999999
0.9611999999999998,0.029200000000000004,0.0096
0.9603999999999999,0.030000000000000006,0.0096
0.96,0.029900000000000003,0.010099999999999996
0.9597000000000001,0.029500000000000005,0.010799999999999997
0.9593,0.029800000000000004,0.010899999999999996
0.9582,0.030900000000000004,0.010899999999999996
0.9578,0.031200000000000006,0.010999999999999998
0.9571999999999999,0.0316,0.011199999999999998
0.9568,0.031900000000000005,0.011299999999999998
0.9564999999999999,0.03200000000000001,0.011499999999999998
0.9561999999999999,0.031700000000000006,0.012099999999999998
0.9557,0.031900000000000005,0.012399999999999998
0.9551999999999999,0.032400000000000005,0.012399999999999998
0.9547000000000001,0.032900000000000006,0.012399999999999998
0.9538999999999997,0.0336,0.012499999999999999
0.9534999999999998,0.033999999999999996,0.012499999999999999
0.9526999999999999,0.034699999999999995,0.0126
0.9519,0.0354,0.0127
0.9512999999999998,0.0359,0.0128
0.9507999999999999,0.036199999999999996,0.013000000000000001
0.9502,0.0366,0.0132
0.9498,0.0369,0.013300000000000001
0.9486999999999999,0.0375,0.013800000000000002
0.9481999999999999,0.0374,0.014400000000000001
0.9475,0.038,0.014500000000000002
0.9467000000000001,0.0388,0.014500000000000002
0.9457000000000001,0.039299999999999995,0.015000000000000003
0.9448999999999999,0.0396,0.015499999999999996
0.944,0.0405,0.015499999999999996
0.9431,0.040900000000000006,0.015999999999999997
0.9422,0.041800000000000004,0.015999999999999997
0.9416,0.0422,0.0162
0.9412,0.0422,0.016599999999999997
0.9406000000000001,0.042800000000000005,0.016599999999999997
0.9400000000000001,0.04290000000000001,0.017099999999999997
0.9395,0.04290000000000001,0.017599999999999998
0.9391999999999999,0.043000000000000003,0.0178
0.9388000000000002,0.0432,0.018
0.9379,0.0438,0.0183
0.9372,0.0444,0.0184
0.9364000000000001,0.0451,0.0185
0.9355,0.0456,0.0189
0.9349999999999998,0.0459,0.0191
0.9346000000000002,0.0461,0.019299999999999998
0.9336,0.0466,0.019799999999999998
0.9325999999999999,0.0476,0.019799999999999998
0.9319000000000001,0.04820000000000001,0.019899999999999998
0.9311999999999999,0.0483,0.020499999999999997
0.9305000000000001,0.048900000000000006,0.0206
0.9298,0.0495,0.0207
0.9284000000000001,0.0506,0.020999999999999998
0.9273,0.0514,0.0213
0.9259999999999999,0.0524,0.0216
0.9245999999999999,0.0533,0.022099999999999995
0.9240999999999999,0.0536,0.022299999999999993
0.9235,0.0538,0.022699999999999994
0.9223000000000002,0.05489999999999999,0.022799999999999994
0.921,0.05569999999999999,0.023299999999999994
0.9198000000000001,0.056400000000000006,0.023799999999999995
0.9185000000000001,0.0573,0.024199999999999996
0.9174999999999999,0.057800000000000004,0.024699999999999996
0.9170999999999999,0.05789999999999999,0.024999999999999998
0.9158999999999999,0.058499999999999996,0.0256
0.9148999999999999,0.05900000000000001,0.0261
0.9133000000000001,0.0601,0.026600000000000002
0.9127000000000001,0.0605,0.0268
0.9117999999999998,0.06060000000000001,0.027600000000000003
0.9107,0.0617,0.027600000000000003
0.9099,0.06200000000000001,0.028100000000000003
0.9088,0.0625,0.028700000000000003
0.9078000000000003,0.0632,0.029000000000000005
0.9062000000000003,0.0645,0.029300000000000003
0.905,0.065,0.030000000000000006
0.9037000000000001,0.06570000000000001,0.030600000000000006
0.9027000000000001,0.0664,0.030900000000000004
0.9019,0.0668,0.03130000000000001
0.9007000000000002,0.06760000000000001,0.03169999999999999
0.8995,0.0685,0.031999999999999994
0.8984,0.06910000000000001,0.032499999999999994
0.8976000000000001,0.06970000000000001,0.03269999999999999
0.8964999999999999,0.07050000000000001,0.032999999999999995
0.8948,0.0715,0.033699999999999994
0.8938,0.0723,0.0339
0.8925000000000001,0.07289999999999999,0.0346
0.8914,0.0737,0.0349
0.8905000000000001,0.0741,0.0354
0.8895000000000002,0.0747,0.0358
0.8878999999999999,0.0756,0.0365
0.8869,0.0758,0.0373
0.8852,0.0772,0.0376
0.883,0.0789,0.0381
0.8826,0.0789,0.0385
0.881,0.08009999999999999,0.03889999999999999
0.8792,0.0814,0.03939999999999999
0.8775999999999999,0.0823,0.04009999999999999
0.8768,0.08249999999999999,0.04069999999999999
0.8762000000000001,0.0823,0.041499999999999995
0.8747,0.0827,0.04259999999999999
0.8737999999999999,0.0836,0.04259999999999999
0.8724999999999999,0.08399999999999999,0.0435
0.8709,0.0853,0.04379999999999999
0.8694999999999998,0.0862,0.04429999999999999
0.8677999999999999,0.0874,0.04479999999999999
0.8661,0.0887,0.0452
0.865,0.0896,0.045399999999999996
0.8641,0.0898,0.046099999999999995
0.8629,0.0901,0.047
0.8613,0.0911,0.047599999999999996
0.8598000000000001,0.09230000000000001,0.04789999999999999
0.8586,0.093,0.04839999999999999
0.8574999999999999,0.0938,0.04869999999999999
0.8562000000000001,0.0949,0.04889999999999999
0.8542,0.09629999999999998,0.049499999999999995
0.8528,0.09709999999999999,0.0501
0.8512000000000001,0.09759999999999999,0.0512
0.8497999999999999,0.0984,0.0518
0.8479000000000001,0.09969999999999998,0.0524
0.8468000000000002,0.1004,0.0528
0.8454,0.10110000000000001,0.05349999999999999
0.8431,0.10299999999999998,0.05389999999999999
0.8413999999999999,0.10430000000000002,0.054299999999999994
0.8401,0.10470000000000002,0.055200000000000006
0.8387,0.10579999999999998,0.055499999999999994
0.8374000000000003,0.10640000000000001,0.05620000000000001
0.8356999999999999,0.10740000000000001,0.05689999999999999
0.8341,0.1081,0.057800000000000004
0.8327,0.10870000000000002,0.0586
0.8314,0.1092,0.059399999999999994
0.8299000000000001,0.1105,0.0596
0.829,0.11059999999999999,0.060399999999999995
0.8272999999999999,0.1117,0.061
0.8249000000000001,0.1133,0.0618
0.8234999999999999,0.11400000000000002,0.0625
0.8230000000000001,0.1142,0.0628
0.8206,0.11579999999999999,0.0636
0.8192999999999999,0.1169,0.0638
0.8176,0.1177,0.06470000000000001
0.8162,0.11830000000000003,0.0655
0.8139000000000001,0.11980000000000002,0.0663
0.8121,0.1207,0.0672
0.8101,0.12160000000000001,0.0683
0.8083,0.12240000000000002,0.0693
0.8065999999999999,0.1233,0.0701
0.8055000000000001,0.1232,0.0713
0.8045000000000002,0.1233,0.0722
0.8029,0.12410000000000002,0.073
0.8017999999999998,0.1246,0.0736
0.8007,0.12460000000000002,0.0747
0.7987,0.1255,0.0758
0.7962000000000001,0.12730000000000002,0.0765
0.7941999999999999,0.1285,0.07730000000000001
0.7920999999999999,0.1297,0.0782
0.7905,0.1301,0.0794
0.789,0.1305,0.08049999999999999
0.7869999999999999,0.1318,0.0812
0.7861999999999999,0.1316,0.0822
0.7851000000000001,0.13240000000000002,0.08249999999999999
0.7834000000000001,0.1335,0.0831
0.7817999999999999,0.13369999999999999,0.08449999999999999
0.7798999999999999,0.1351,0.08499999999999999
0.7783000000000001,0.1361,0.0856
0.7768,0.1365,0.0867
0.7748,0.13710000000000003,0.0881
0.7733000000000001,0.13790000000000002,0.0888
0.7718,0.1388,0.08940000000000001
0.7697999999999998,0.1403,0.08990000000000001
0.7674000000000001,0.1417,0.09090000000000001
0.7654,0.143,0.0916
0.7630999999999999,0.14429999999999998,0.0926
0.7615999999999999,0.14509999999999998,0.09330000000000001
0.76,0.14609999999999995,0.09390000000000001
0.7589000000000001,0.14619999999999997,0.09490000000000001
0.7567,0.1472,0.0961
0.7547,0.1483,0.097
0.7531,0.14889999999999998,0.098
0.7506,0.1507,0.0987
0.7486999999999999,0.15189999999999998,0.0994
0.7474000000000001,0.15219999999999997,0.1004
0.7462,0.15259999999999999,0.1012
0.7444000000000001,0.1533,0.10230000000000002
0.7429,0.1537,0.1034
0.7411,0.15510000000000002,0.1038
0.7390000000000001,0.1563,0.10470000000000002
0.7367,0.158,0.10529999999999999
0.7353,0.1587,0.10600000000000001
0.7337999999999999,0.15950000000000003,0.10670000000000002
0.7327999999999999,0.15930000000000002,0.1079
0.7308000000000001,0.1608,0.10840000000000001
0.729,0.1611,0.10990000000000003
0.7272000000000001,0.1618,0.11099999999999999
0.7253999999999999,0.1628,0.11179999999999998
0.7236999999999999,0.1637,0.11259999999999999
0.7221,0.1643,0.11359999999999999
0.7202999999999999,0.1647,0.11499999999999999
0.7182999999999999,0.16580000000000003,0.11589999999999998
0.7162,0.16670000000000001,0.11709999999999998
0.7142000000000001,0.1678,0.118
0.7122999999999999,0.1689,0.11879999999999999
0.7112999999999999,0.1692,0.11950000000000001
0.7086,0.17060000000000003,0.12080000000000002
0.7070000000000001,0.17130000000000004,0.1217
0.7053,0.17170000000000002,0.12300000000000003
0.7041,0.1723,0.12360000000000002
0.7022,0.1729,0.12489999999999998
0.6998999999999999,0.1741,0.12599999999999997
0.6988,0.17409999999999998,0.1271
0.6968,0.175,0.1282
0.6948000000000001,0.17670000000000002,0.1285
0.6921999999999999,0.17770000000000002,0.13010000000000002
0.6904000000000001,0.17830000000000001,0.1313
0.6886,0.17850000000000005,0.1329
0.6869,0.1789,0.1342
0.6853,0.17950000000000002,0.13520000000000001
0.6834000000000001,0.1799,0.1367
0.6813,0.1812,0.1375
0.6796,0.1821,0.1383
0.6778000000000001,0.1834,0.13879999999999998
0.6764,0.18420000000000003,0.13940000000000002
0.6751999999999999,0.184,0.1408
0.6736,0.1843,0.1421
0.6723999999999999,0.1841,0.14350000000000002
0.6698999999999999,0.1856,0.14450000000000002
0.6678999999999999,0.187,0.1451
0.6651,0.18870000000000003,0.1462
0.6632,0.18920000000000003,0.1476
0.6606,0.19050000000000003,0.1489
0.6582,0.19210000000000002,0.1497
0.6567000000000001,0.193,0.1503
0.6553,0.1921,0.15259999999999999
0.6539,0.19250000000000003,0.1536
0.6524000000000001,0.193,0.1546
0.6506,0.194,0.1554
0.6489,0.19449999999999998,0.15660000000000002
0.6473000000000001,0.19490000000000002,0.1578
0.6454000000000001,0.19569999999999999,0.15889999999999999
0.6428,0.19690000000000002,0.1603
0.6401000000000001,0.1983,0.1616
0.6375000000000001,0.1995,0.163
0.6347999999999999,0.20149999999999996,0.1637
0.6333,0.2021,0.16460000000000002
0.6312,0.20299999999999999,0.1658
0.6291,0.20379999999999998,0.1671
0.6266,0.20529999999999998,0.1681
0.625,0.20549999999999996,0.1695
0.6223,0.2072,0.1705
0.6208,0.20729999999999998,0.1719
0.6179999999999999,0.20859999999999998,0.1734
0.6159,0.2096,0.17450000000000004
0.6136999999999999,0.21000000000000002,0.17629999999999998
0.6119000000000001,0.21070000000000003,0.17740000000000003
0.6103000000000001,0.2111,0.1786
0.6085999999999999,0.2116,0.17980000000000002
0.6062,0.21189999999999998,0.1819
0.6036,0.213,0.1834
0.6017,0.21390000000000003,0.18440000000000004
0.5994999999999999,0.21459999999999999,0.1859
0.5972999999999999,0.21589999999999998,0.18680000000000002
0.5944,0.2178,0.18780000000000002
0.5919000000000001,0.2189,0.1892
0.5891,0.2205,0.19039999999999999
0.5862999999999999,0.2218,0.19190000000000002
0.5840000000000001,0.22310000000000002,0.19290000000000002
0.5818,0.2232,0.195
0.5793999999999999,0.22400000000000003,0.19660000000000002
0.5779,0.22399999999999998,0.19810000000000003
0.5755000000000001,0.225,0.1995
0.5734,0.2259,0.20069999999999996
0.5708,0.2274,0.20180000000000003
0.5684,0.2286,0.203
0.5659000000000001,0.22890000000000002,0.2052
0.5627,0.2306,0.20670000000000002
0.5609999999999999,0.23090000000000002,0.20810000000000003
0.559,0.2318,0.2092
0.5564,0.23290000000000002,0.21069999999999997
0.5544,0.23320000000000002,0.21239999999999998
0.5519999999999999,0.23360000000000003,0.2144
0.5496,0.23460000000000006,0.2158
0.5474,0.23549999999999996,0.21710000000000002
0.5443,0.2374,0.2183
0.5425000000000001,0.2379,0.21960000000000002
0.5405,0.2378,0.2217
0.5387,0.23850000000000002,0.22280000000000003
0.5373,0.2385,0.22420000000000004
0.5359,0.23859999999999998,0.22549999999999998
0.5337999999999999,0.23899999999999996,0.2272
0.5319,0.23939999999999997,0.2287
0.5307000000000001,0.2393,0.23000000000000004
0.5278999999999999,0.2403,0.23180000000000006
0.5264,0.24,0.23359999999999997
0.5244,0.24040000000000003,0.23520000000000002
0.5223,0.24090000000000003,0.23680000000000004
0.5201999999999999,0.2419,0.23789999999999994
0.5182,0.242,0.2398
0.5172,0.2412,0.24159999999999998
0.5153999999999999,0.24240000000000003,0.24220000000000005
0.5130000000000001,0.24300000000000002,0.244
0.511,0.24379999999999996,0.24520000000000003
0.5096,0.2434,0.24700000000000003
0.5083,0.24289999999999998,0.2488
0.5065000000000001,0.2428,0.25070000000000003
0.5041,0.24380000000000002,0.25210000000000005
0.502,0.24489999999999998,0.2531
0.5003,0.24530000000000002,0.2544
0.49850000000000005,0.24489999999999998,0.2566
0.49660000000000004,0.24579999999999996,0.2576
0.4937,0.2467,0.2596
0.4920000000000001,0.2467,0.2613
0.48999999999999994,0.2473,0.2627
0.48760000000000003,0.2486,0.2638
0.4862,0.2488,0.265
0.4850999999999999,0.24830000000000005,0.2666
0.4835000000000001,0.2479,0.2686
0.4819,0.24739999999999998,0.2707
0.4803,0.24710000000000001,0.2726
0.4784,0.24830000000000002,0.2733
0.4768,0.2484,0.27480000000000004
0.47459999999999997,0.24889999999999998,0.2765
0.4715000000000001,0.2508,0.2777
0.4704,0.2503,0.2793
0.4687999999999999,0.2504,0.28080000000000005
0.4671,0.25010000000000004,0.28279999999999994
0.4652,0.2505,0.2843
0.46399999999999997,0.25040000000000007,0.28559999999999997
0.4617,0.25070000000000003,0.28759999999999997
0.45890000000000003,0.25210000000000005,0.289
0.4569,0.2525,0.2906
0.45549999999999996,0.2526,0.29189999999999994
0.45400000000000007,0.25270000000000004,0.2933
0.4526,0.25250000000000006,0.29490000000000005
0.45089999999999997,0.2528,0.2963
0.4497000000000001,0.2529,0.2974
0.44820000000000004,0.2531,0.2987
0.4464999999999999,0.2529,0.30060000000000003
0.4446,0.2532,0.3022
0.4438000000000001,0.253,0.3032
0.4424,0.2529,0.30469999999999997
0.4413,0.25270000000000004,0.306
0.43950000000000006,0.2523000000000001,0.3082
0.43809999999999993,0.25240000000000007,0.3095
0.4359,0.25270000000000004,0.3114
0.4338,0.2537,0.3125
0.4327,0.2529,0.31439999999999996
0.4311999999999999,0.2529,0.31589999999999996
0.4296000000000001,0.2531,0.31729999999999997
0.4276000000000001,0.25339999999999996,0.31899999999999995
0.4255,0.25410000000000005,0.32039999999999996
0.42329999999999995,0.25460000000000005,0.32209999999999994
0.4213,0.2549,0.32380000000000003
0.42029999999999995,0.25460000000000005,0.32510000000000006
0.41839999999999994,0.25520000000000004,0.32639999999999997
0.41720000000000007,0.2544,0.32839999999999997
0.4152,0.2546,0.33019999999999994
0.41339999999999993,0.25460000000000005,0.332
0.4117,0.25470000000000004,0.33359999999999995
0.4107,0.2538,0.3354999999999999
0.40920000000000006,0.2538,0.337
0.40709999999999996,0.25440000000000007,0.33849999999999997
0.40540000000000004,0.2545,0.3401
0.40379999999999994,0.2544,0.3418
0.4021,0.2551,0.3428
0.39970000000000006,0.25589999999999996,0.3444
0.39790000000000003,0.2564,0.3457
0.39590000000000003,0.25620000000000004,0.3479
0.3944,0.25660000000000005,0.349
0.392,0.2574,0.3506
0.3902,0.2579,0.3519
0.38880000000000003,0.257,0.35419999999999996
0.3875,0.257,0.35550000000000004
0.38560000000000005,0.25739999999999996,0.35700000000000004
0.3839,0.2576,0.3585
0.38260000000000005,0.2571,0.3603
0.38099999999999995,0.2573,0.3617
0.3793000000000001,0.25739999999999996,0.36330000000000007
0.3770000000000001,0.2577999999999999,0.36519999999999997
0.3754,0.2579,0.3667
0.3731000000000001,0.2585,0.3684
0.3719,0.25870000000000004,0.36939999999999995
0.3705,0.25830000000000003,0.37120000000000003
0.3677,0.2596,0.37270000000000003
0.36649999999999994,0.25860000000000005,0.37489999999999996
0.36480000000000007,0.2584,0.37679999999999997
0.3627,0.259,0.37829999999999997
0.3606,0.2595,0.37989999999999996
0.3588,0.26010000000000005,0.3810999999999999
0.35750000000000004,0.25970000000000004,0.3828
0.3561,0.2599,0.384
0.35440000000000005,0.26010000000000005,0.3855
0.35309999999999997,0.2601,0.3868
0.35209999999999997,0.26039999999999996,0.38750000000000007
0.35019999999999996,0.2603,0.3895
0.34850000000000003,0.2606,0.3909
0.3467,0.2611,0.3922
0.3445,0.2621,0.39339999999999997
0.3425000000000001,0.2627,0.3948
0.3409,0.26280000000000003,0.3963
0.3393,0.26220000000000004,0.39849999999999997
0.3375,0.2624000000000001,0.40009999999999996
0.3361,0.2629,0.40099999999999997
0.33519999999999994,0.2624,0.4024
0.33340000000000003,0.26260000000000006,0.404
0.33199999999999996,0.2622,0.4058
0.33009999999999995,0.2634,0.4065
0.3285,0.26339999999999997,0.4081
0.3272,0.2633,0.4095000000000001
0.32539999999999997,0.2635,0.41109999999999997
0.3247,0.26189999999999997,0.41339999999999993
0.3225,0.26280000000000003,0.4147
0.32100000000000006,0.26280000000000003,0.41620000000000007
0.31920000000000004,0.26359999999999995,0.41719999999999996
0.3182,0.26260000000000006,0.4191999999999999
0.31639999999999996,0.26280000000000003,0.4208
0.3152,0.2631,0.4217000000000001
0.3137,0.2631,0.4232
0.3133,0.26220000000000004,0.42449999999999993
0.31179999999999997,0.26180000000000003,0.4264
0.3107,0.2612,0.4281
0.3097,0.2597,0.4306
0.3083,0.26030000000000003,0.4314
0.30679999999999996,0.2604,0.4328
0.3059,0.2592,0.4349
0.3045,0.2584,0.43710000000000004
0.30280000000000007,0.25870000000000004,0.4385
0.3013,0.2592,0.43949999999999995
0.2999,0.2591,0.441
0.29829999999999995,0.25880000000000003,0.44289999999999996
0.29680000000000006,0.2591,0.4441
0.29600000000000004,0.25820000000000004,0.44580000000000003
0.2945,0.2579,0.4476
0.2934,0.25780000000000003,0.4488
0.2925,0.2573,0.45020000000000004
0.2913,0.2575,0.45120000000000005
0.2899,0.25760000000000005,0.45249999999999996
0.28890000000000005,0.2578,0.45330000000000004
0.2875,0.25760000000000005,0.45490000000000014
0.28609999999999997,0.258,0.4559
0.2851,0.257,0.4579
0.2835,0.25720000000000004,0.45929999999999993
0.28179999999999994,0.2569,0.46130000000000004
0.28059999999999996,0.2568,0.46259999999999996
0.2791,0.257,0.4638999999999999
0.27769999999999995,0.2565,0.46580000000000005
0.2768,0.25559999999999994,0.4676
0.2748,0.2558,0.4694
0.27369999999999994,0.2552,0.4711
0.2727,0.2546,0.47269999999999995
0.27159999999999995,0.2549,0.47350000000000003
0.27070000000000005,0.2541,0.47519999999999996
0.26959999999999995,0.25379999999999997,0.4766000000000001
0.2682,0.2535,0.47829999999999995
0.2673,0.2531,0.4795999999999999
0.26580000000000004,0.2535,0.48069999999999996
0.26430000000000003,0.2534,0.48229999999999995
0.2631,0.253,0.48389999999999994
0.26180000000000003,0.25229999999999997,0.4859
0.2612,0.25159999999999993,0.4872000000000001
0.2607,0.2508,0.48850000000000005
0.2595,0.25070000000000003,0.48979999999999996
0.25849999999999995,0.24970000000000003,0.4918
0.2569,0.24940000000000007,0.4936999999999999
0.2563,0.24860000000000007,0.49510000000000004
0.2556,0.2474,0.49700000000000005
0.2548,0.2472,0.49800000000000005
0.2535,0.2467,0.4998
0.25240000000000007,0.24609999999999999,0.5015000000000001
0.2515,0.24579999999999996,0.5027
0.2504,0.24630000000000002,0.5033
0.2484,0.2475,0.5041
0.2475,0.2467,0.5058
0.2467,0.24619999999999997,0.5071
0.2454,0.2459,0.5086999999999999
0.24410000000000004,0.2455,0.5104000000000001
0.2432,0.24500000000000002,0.5118
0.24239999999999995,0.244,0.5136
0.24159999999999998,0.24380000000000002,0.5146
0.24050000000000002,0.24300000000000002,0.5165
0.2395,0.24290000000000003,0.5176000000000001
0.23850000000000002,0.24220000000000005,0.5193
0.2375,0.24170000000000003,0.5208
0.2366,0.2399,0.5235000000000001
0.236,0.2384,0.5256000000000001
0.23489999999999997,0.23820000000000002,0.5269
0.23400000000000004,0.23770000000000002,0.5283
0.23329999999999998,0.23680000000000004,0.5298999999999999
0.2319,0.23680000000000004,0.5313
0.23139999999999997,0.2364,0.5321999999999999
0.2303,0.2358,0.5338999999999999
0.2293,0.23520000000000002,0.5355
0.2283,0.23479999999999998,0.5368999999999999
0.22690000000000002,0.23409999999999997,0.5389999999999999
0.2262,0.2331,0.5407
0.2251,0.2324,0.5425
0.22410000000000002,0.23230000000000003,0.5436
0.22350000000000003,0.23120000000000002,0.5453
0.22269999999999995,0.23040000000000002,0.5469
0.2217,0.22999999999999998,0.5483
0.2209,0.2292,0.5499
0.21990000000000004,0.2291,0.5509999999999999
0.21919999999999998,0.22819999999999996,0.5526
0.21870000000000003,0.22760000000000002,0.5537
0.21769999999999995,0.22769999999999996,0.5546000000000001
0.2165,0.22809999999999997,0.5553999999999999
0.2157,0.2273,0.5569999999999999
0.21459999999999999,0.22729999999999997,0.5581
0.21349999999999997,0.22789999999999994,0.5586
0.21269999999999997,0.22780000000000006,0.5595
0.21200000000000002,0.22719999999999999,0.5608000000000001
0.21109999999999998,0.2266,0.5622999999999999
0.2101,0.22540000000000004,0.5644999999999999
0.20949999999999996,0.22490000000000002,0.5656000000000001
0.2077,0.2252,0.5671
0.2068,0.2254,0.5678
0.2062,0.22390000000000004,0.5699
0.20550000000000002,0.22350000000000003,0.5710000000000001
0.20469999999999997,0.2233,0.5719999999999998
0.20329999999999998,0.2238,0.5729
0.2024,0.22360000000000008,0.5740000000000001
0.20179999999999998,0.2233,0.5749
0.2009,0.22260000000000005,0.5765
0.19979999999999998,0.2223,0.5779
0.1992,0.22159999999999996,0.5792
0.19850000000000004,0.2211,0.5804
0.1971,0.22070000000000004,0.5821999999999999
0.19649999999999998,0.2202,0.5832999999999999
0.196,0.2193,0.5847
0.19490000000000002,0.2191,0.5860000000000001
0.1941,0.2185,0.5874
0.1925,0.21860000000000004,0.5889
0.19180000000000003,0.21740000000000004,0.5908
0.191,0.21600000000000003,0.5930000000000002
0.1898,0.2157,0.5945
0.1889,0.215,0.5961000000000001
0.18819999999999998,0.21480000000000002,0.5970000000000001
0.18739999999999996,0.2144,0.5982
0.187,0.2137,0.5993
0.1864,0.21309999999999998,0.6004999999999999
0.18589999999999998,0.21220000000000003,0.6018999999999999
0.1853,0.2116,0.6031
0.18460000000000001,0.21059999999999998,0.6047999999999999
0.1841,0.2102,0.6057
0.1836,0.2096,0.6068
0.1829,0.2091,0.6080000000000001
0.1818,0.20909999999999998,0.6091
0.1811,0.2088,0.6101
0.1807,0.2083,0.611
0.1799,0.20800000000000002,0.6121000000000001
0.17950000000000002,0.20670000000000002,0.6138000000000001
0.17880000000000001,0.2063,0.6149
0.1781,0.2052,0.6167000000000001
0.1773,0.20509999999999998,0.6176000000000001
0.1763,0.2044,0.6193000000000001
0.1753,0.20420000000000002,0.6205
0.17470000000000002,0.20379999999999998,0.6214999999999999
0.1742,0.20329999999999998,0.6225
0.17350000000000002,0.20339999999999997,0.6230999999999999
0.1732,0.20270000000000002,0.6241000000000001
0.17270000000000002,0.2023,0.625
0.1722,0.2017,0.6260999999999999
0.1716,0.2015,0.6269
0.1716,0.2003,0.6281
0.17070000000000002,0.1999,0.6294
0.1705,0.1987,0.6308
0.16960000000000003,0.19809999999999997,0.6323000000000001
0.1688,0.19720000000000001,0.634
0.1682,0.19619999999999999,0.6355999999999999
0.16760000000000003,0.1954,0.637
0.1671,0.1946,0.6382999999999999
0.16649999999999998,0.194,0.6395
0.16620000000000001,0.1934,0.6404
0.16490000000000002,0.19390000000000002,0.6412
0.1639,0.1939,0.6421999999999999
0.16330000000000003,0.1934,0.6433000000000001
0.16290000000000002,0.193,0.6441000000000001
0.1622,0.1927,0.6451
0.16160000000000002,0.1922,0.6462
0.16110000000000002,0.191,0.6479
0.1608,0.1902,0.6489999999999999
0.16030000000000003,0.1899,0.6498
0.16010000000000002,0.1892,0.6507
0.15940000000000001,0.18819999999999998,0.6523999999999999
0.15900000000000003,0.1877,0.6533
0.1587,0.1867,0.6546000000000001
0.1582,0.1859,0.6559000000000001
0.1579,0.18539999999999998,0.6567000000000001
0.15719999999999998,0.1849,0.6578999999999999
0.1568,0.1845,0.6587
0.15639999999999998,0.183,0.6606
0.1554,0.1833,0.6613000000000001
0.1553,0.18259999999999998,0.6621
0.15430000000000002,0.18249999999999997,0.6632
0.1542,0.1814,0.6644
0.1537,0.18109999999999998,0.6652
0.15319999999999998,0.18109999999999998,0.6657000000000001
0.1527,0.18059999999999998,0.6667
0.1518,0.1806,0.6676
0.1516,0.18009999999999998,0.6683000000000001
0.1511,0.17989999999999998,0.669
0.1511,0.17859999999999998,0.6703
0.1505,0.17809999999999998,0.6714
0.1499,0.178,0.6721
0.1492,0.178,0.6728
0.1488,0.17770000000000002,0.6735000000000001
0.1485,0.17709999999999998,0.6744
0.14789999999999998,0.1763,0.6758000000000001
0.1472,0.1759,0.6769
0.14689999999999998,0.1749,0.6782
0.1461,0.17470000000000002,0.6792
0.1449,0.1749,0.6802
0.14439999999999997,0.174,0.6815999999999999
0.14409999999999998,0.1736,0.6823
0.1436,0.1734,0.683
0.14320000000000002,0.17300000000000001,0.6838
0.14250000000000002,0.17239999999999997,0.6851
0.14190000000000003,0.17229999999999998,0.6858
0.14079999999999998,0.1728,0.6864
0.1404,0.1723,0.6873
0.13979999999999998,0.17160000000000003,0.6885999999999999
0.1391,0.1711,0.6897999999999999
0.1381,0.1709,0.6910000000000001
0.13799999999999998,0.17009999999999997,0.6919000000000001
0.1376,0.16920000000000002,0.6931999999999999
0.13730000000000003,0.1681,0.6946
0.13699999999999998,0.16710000000000003,0.6959000000000001
0.1365,0.1662,0.6973
0.13590000000000002,0.16540000000000002,0.6987000000000001
0.1355,0.16519999999999999,0.6993
0.13510000000000003,0.1646,0.7003000000000001
0.13440000000000002,0.16399999999999998,0.7016
0.13399999999999998,0.1635,0.7024999999999999
0.13369999999999999,0.16319999999999998,0.7031000000000002
0.13319999999999999,0.1627,0.7041
0.13289999999999996,0.1617,0.7054
0.1324,0.16060000000000002,0.7070000000000001
0.13179999999999997,0.1605,0.7077000000000001
0.13169999999999998,0.1596,0.7087000000000001
0.1313,0.1586,0.7101
0.1306,0.15799999999999997,0.7113999999999999
0.13009999999999997,0.15780000000000002,0.7121
0.1295,0.1574,0.7131000000000001
0.1291,0.15689999999999998,0.7140000000000001
0.1288,0.1567,0.7145
0.128,0.1567,0.7152999999999999
0.12769999999999998,0.15620000000000003,0.7161
0.1275,0.15560000000000002,0.7169
0.1272,0.155,0.7177999999999999
0.127,0.15360000000000001,0.7194
0.1268,0.1526,0.7205999999999999
0.1262,0.15250000000000002,0.7213
0.1257,0.15230000000000002,0.7220000000000001
0.1252,0.15230000000000002,0.7224999999999999
0.1246,0.15230000000000002,0.7231000000000001
0.12390000000000001,0.1517,0.7244
0.1234,0.1517,0.7249
0.12280000000000002,0.1516,0.7256000000000001
0.12250000000000001,0.1512,0.7263000000000001
0.12200000000000003,0.1502,0.7278
0.12140000000000002,0.1501,0.7285000000000001
0.12100000000000002,0.15,0.7289999999999999
0.12050000000000001,0.14980000000000002,0.7297
0.12010000000000001,0.1492,0.7307
0.11940000000000002,0.1489,0.7317
0.1189,0.1486,0.7324999999999999
0.11880000000000002,0.1481,0.7331
0.11860000000000001,0.14770000000000003,0.7337
0.1183,0.14679999999999999,0.7348999999999999
0.118,0.1456,0.7364
0.11760000000000001,0.1452,0.7372
0.11720000000000001,0.14479999999999998,0.7380000000000001
0.11679999999999999,0.1441,0.7390999999999999
0.1166,0.14379999999999998,0.7395999999999999
0.1159,0.1437,0.7404
0.1153,0.1436,0.7411
0.11499999999999999,0.14340000000000003,0.7416
0.1146,0.14229999999999998,0.7431
0.11410000000000001,0.142,0.7439
0.11340000000000001,0.1418,0.7448
0.1131,0.14140000000000003,0.7454999999999999
0.11280000000000001,0.14129999999999998,0.7459
0.1126,0.1411,0.7463000000000001
0.11210000000000002,0.14129999999999998,0.7466000000000002
0.1115,0.14060000000000003,0.7479000000000001
0.11100000000000002,0.14020000000000002,0.7488
0.1106,0.13960000000000003,0.7497999999999999
0.11050000000000001,0.13910000000000003,0.7503999999999998
0.11030000000000002,0.1378,0.7518999999999998
0.11000000000000001,0.13720000000000002,0.7528
0.10950000000000001,0.13730000000000003,0.7531999999999999
0.10910000000000002,0.13740000000000002,0.7535000000000001
0.1089,0.13690000000000002,0.7542000000000001
0.10790000000000002,0.1373,0.7548000000000001
0.10740000000000001,0.1368,0.7558
0.1068,0.13640000000000002,0.7567999999999999
0.1068,0.13560000000000003,0.7575999999999999
0.10650000000000001,0.1349,0.7586
0.1062,0.13440000000000002,0.7594
0.10590000000000002,0.1337,0.7604
0.1058,0.13330000000000003,0.7609
0.1056,0.13290000000000002,0.7615000000000001
0.10540000000000001,0.1325,0.7621
0.10530000000000002,0.13210000000000002,0.7626000000000002
0.10490000000000002,0.1316,0.7635
0.1044,0.13110000000000002,0.7645
0.1041,0.13090000000000002,0.7649999999999999
0.10389999999999999,0.13040000000000002,0.7657
0.10369999999999999,0.12990000000000002,0.7664000000000001
0.1032,0.13000000000000003,0.7667999999999999
0.1028,0.1297,0.7674999999999998
0.10270000000000001,0.1287,0.7686
0.1024,0.1282,0.7694
0.1022,0.1276,0.7702
0.10190000000000002,0.12660000000000002,0.7715
0.10170000000000001,0.12610000000000002,0.7722
0.1015,0.12530000000000002,0.7732
0.10110000000000001,0.1247,0.7742000000000001
0.101,0.12420000000000002,0.7748
0.10070000000000001,0.12380000000000002,0.7755000000000001
0.1004,0.12350000000000001,0.7761
0.1,0.123,0.7769999999999999
0.09940000000000002,0.12240000000000002,0.7782
0.09940000000000002,0.12200000000000003,0.7786
0.0991,0.12129999999999999,0.7796
0.0989,0.121,0.7801000000000001
0.0985,0.12080000000000002,0.7807000000000001
0.0983,0.11989999999999998,0.7818000000000002
0.098,0.1199,0.7821
0.0979,0.1192,0.7828999999999999
0.09740000000000001,0.119,0.7836000000000001
0.097,0.11860000000000001,0.7844
0.0967,0.11839999999999999,0.7849
0.0963,0.11839999999999999,0.7853
0.0956,0.1183,0.7861
0.09530000000000002,0.11789999999999998,0.7868
0.095,0.1172,0.7878000000000001
0.09490000000000001,0.1165,0.7886000000000001
0.09470000000000002,0.1159,0.7894
0.09440000000000001,0.11510000000000001,0.7905
0.09410000000000002,0.11499999999999999,0.7908999999999999
0.0936,0.11510000000000001,0.7913
0.0932,0.1145,0.7922999999999999
0.09280000000000002,0.1146,0.7926
0.09260000000000002,0.11379999999999998,0.7936000000000001
0.09240000000000001,0.11339999999999999,0.7942
0.0921,0.11269999999999998,0.7952000000000001
0.09180000000000002,0.11249999999999998,0.7957000000000001
0.0917,0.1113,0.7969999999999999
0.09150000000000001,0.1109,0.7975999999999999
0.09140000000000001,0.1101,0.7985
0.09110000000000001,0.1096,0.7993
0.09090000000000001,0.1091,0.8
0.0906,0.1091,0.8003
0.09040000000000001,0.1085,0.8011000000000001
0.08980000000000002,0.10799999999999998,0.8021999999999998
0.08980000000000002,0.10679999999999998,0.8033999999999999
0.08960000000000001,0.10640000000000001,0.804
0.08940000000000001,0.1062,0.8044
0.08920000000000002,0.10529999999999999,0.8055
0.08900000000000001,0.1046,0.8064
0.0889,0.1041,0.807
0.0889,0.10389999999999999,0.8072000000000001
0.08830000000000002,0.10399999999999998,0.8077
0.08810000000000001,0.10369999999999999,0.8081999999999999
0.08770000000000001,0.10359999999999998,0.8086999999999998
0.0872,0.1031,0.8097
0.08710000000000001,0.10270000000000001,0.8101999999999998
0.0869,0.101,0.8120999999999998
0.0869,0.10030000000000001,0.8128
0.0868,0.0999,0.8132999999999999
0.0864,0.0996,0.8140000000000001
0.08610000000000001,0.0993,0.8145999999999999
0.0859,0.0988,0.8153
0.08570000000000001,0.0987,0.8156000000000001
0.0855,0.0982,0.8163
0.0855,0.09709999999999999,0.8173999999999999
0.0853,0.0968,0.8179000000000001
0.0851,0.09659999999999999,0.8183
0.0846,0.0959,0.8195
0.08430000000000001,0.09590000000000001,0.8198000000000001
0.08380000000000001,0.09570000000000001,0.8205000000000002
0.0837,0.0945,0.8218
0.08360000000000001,0.09430000000000001,0.8221
0.08360000000000001,0.09359999999999999,0.8228000000000002
0.08349999999999999,0.093,0.8234999999999999
0.08310000000000001,0.093,0.8239000000000001
0.08280000000000001,0.09280000000000002,0.8244
0.08270000000000001,0.09230000000000001,0.825
0.08270000000000001,0.0911,0.8262
0.0826,0.09060000000000001,0.8268000000000001
0.0825,0.08990000000000001,0.8276
0.0825,0.08920000000000002,0.8283000000000001
0.08230000000000001,0.08880000000000002,0.8289
0.08230000000000001,0.08810000000000003,0.8295999999999999
0.0821,0.08800000000000001,0.8299000000000001
0.082,0.08760000000000001,0.8303999999999998
0.0816,0.0875,0.8309000000000001
0.0814,0.0874,0.8311999999999999
0.08110000000000002,0.0874,0.8314999999999999
0.08080000000000001,0.08720000000000001,0.8320000000000001
0.08050000000000002,0.0871,0.8324
0.08020000000000001,0.08680000000000002,0.833
0.0799,0.08660000000000001,0.8335000000000001
0.07960000000000002,0.08570000000000003,0.8347
0.07950000000000002,0.085,0.8355
0.07950000000000002,0.08480000000000001,0.8357000000000001
0.0792,0.08470000000000003,0.8360999999999998
0.07910000000000002,0.08410000000000002,0.8368
0.079,0.08370000000000002,0.8372999999999999
0.07880000000000001,0.08330000000000001,0.8379
0.07880000000000001,0.08280000000000001,0.8383999999999998
0.07860000000000002,0.0824,0.8390000000000001
0.07840000000000001,0.082,0.8396000000000001
0.07820000000000002,0.08170000000000002,0.8401
0.0781,0.081,0.8408999999999999
0.07800000000000001,0.08050000000000002,0.8415000000000001
0.0777,0.08030000000000001,0.842
0.07760000000000002,0.07990000000000001,0.8425
0.0775,0.07910000000000002,0.8433999999999999
0.07720000000000002,0.07870000000000002,0.8440999999999999
0.07700000000000001,0.07830000000000001,0.8446999999999999
0.07700000000000001,0.07750000000000001,0.8455
0.0769,0.07710000000000002,0.8459999999999999
0.0769,0.07650000000000001,0.8466000000000001
0.07680000000000001,0.07620000000000002,0.8470000000000001
0.0767,0.07610000000000001,0.8472000000000002
0.0767,0.07560000000000001,0.8477
0.0765,0.07550000000000001,0.8480000000000001
0.07640000000000001,0.07540000000000001,0.8482
0.07620000000000002,0.07520000000000002,0.8486
0.0761,0.07470000000000002,0.8492000000000001
0.0759,0.0743,0.8498000000000001
0.0757,0.07390000000000001,0.8503999999999999
0.0753,0.07360000000000001,0.8511000000000001
0.075,0.07350000000000001,0.8515
0.07490000000000001,0.0734,0.8516999999999999
0.07470000000000002,0.0733,0.852
0.0744,0.07310000000000001,0.8525
0.0742,0.07270000000000001,0.8531000000000001
0.0742,0.0724,0.8534
0.07410000000000001,0.07220000000000001,0.8536999999999999
0.07410000000000001,0.0718,0.8541000000000001
0.07390000000000001,0.07160000000000001,0.8545
0.07350000000000001,0.0714,0.8550999999999999
0.0733,0.0709,0.8558
0.0731,0.0709,0.8560000000000001
0.07300000000000001,0.07060000000000001,0.8564
0.07300000000000001,0.07010000000000001,0.8568999999999999
0.07300000000000001,0.0695,0.8574999999999999
0.0727,0.0689,0.8583999999999999
0.07260000000000001,0.06860000000000001,0.8587999999999999
0.0724,0.0683,0.8593
0.0723,0.06820000000000001,0.8595
0.07210000000000001,0.0679,0.86
0.07200000000000001,0.0674,0.8606000000000001
0.0719,0.067,0.8611000000000001
0.0719,0.0668,0.8613000000000002
0.07170000000000001,0.0669,0.8614
0.07150000000000001,0.0666,0.8619000000000001
0.0714,0.06630000000000001,0.8623000000000001
0.07120000000000001,0.06560000000000002,0.8632
0.07110000000000001,0.06540000000000001,0.8634999999999999
0.0709,0.06510000000000002,0.8640000000000001
0.0708,0.06470000000000001,0.8644999999999999
0.07050000000000001,0.06470000000000001,0.8648
0.07050000000000001,0.06420000000000001,0.8652999999999998
0.0704,0.06410000000000002,0.8654999999999999
0.0704,0.06400000000000002,0.8655999999999999
0.0703,0.06340000000000001,0.8663000000000001
0.07010000000000001,0.06280000000000001,0.8671
0.0699,0.0627,0.8674000000000002
0.06970000000000001,0.0627,0.8676
0.0695,0.06240000000000001,0.8681000000000001
0.0693,0.06210000000000001,0.8686000000000001
0.0693,0.06180000000000001,0.8689000000000002
0.06920000000000001,0.06130000000000001,0.8695
0.0689,0.06130000000000001,0.8698
0.0688,0.06110000000000001,0.8701000000000001
0.06860000000000001,0.06080000000000001,0.8705999999999999
0.0685,0.06060000000000001,0.8709000000000001
0.06810000000000001,0.06070000000000001,0.8712
0.0679,0.06090000000000001,0.8712
0.0679,0.060300000000000006,0.8718
0.0679,0.060300000000000006,0.8718
0.0678,0.06000000000000001,0.8722000000000001
0.06770000000000001,0.059300000000000005,0.873
0.06760000000000001,0.05900000000000001,0.8734
0.06760000000000001,0.05870000000000001,0.8737
