S,I,R
0.99,0.009999999999999998,0.0
0.9898,0.010199999999999999,0.0
0.9894999999999999,0.010499999999999997,0.0
0.9893000000000001,0.010699999999999998,0.0
0.9892,0.010699999999999998,0.0001
0.9892,0.010599999999999997,0.0002
0.9889999999999999,0.010599999999999997,0.0004
0.9889999999999999,0.010399999999999998,0.0006000000000000001
0.9889999999999999,0.010399999999999998,0.0006000000000000001
0.9887,0.010599999999999998,0.0007
0.9887,0.010599999999999998,0.0007
0.9887,0.010599999999999998,0.0007
0.9884000000000001,0.010799999999999999,0.0008
0.9883,0.010899999999999998,0.0008
0.9880000000000001,0.011199999999999998,0.0008
0.9878,0.011399999999999997,0.0008
0.9877,0.011299999999999998,0.0010000000000000002
0.9876000000000001,0.011399999999999997,0.0010000000000000002
0.9876000000000001,0.011299999999999998,0.0011000000000000003
0.9876000000000001,0.011199999999999998,0.0012000000000000003
0.9876000000000001,0.011099999999999997,0.0013000000000000004
0.9876000000000001,0.011099999999999997,0.0013000000000000004
0.9875,0.011099999999999997,0.0014000000000000002
0.9875,0.010899999999999998,0.0016000000000000003
0.9875,0.010699999999999998,0.0018000000000000002
0.9872,0.011,0.0018000000000000002
0.9871000000000001,0.011099999999999999,0.0018000000000000002
0.9871000000000001,0.011099999999999999,0.0018000000000000002
0.9869,0.011199999999999998,0.0019000000000000002
0.9869,0.011099999999999999,0.0020000000000000005
0.9869,0.011,0.0021
0.9865999999999999,0.0113,0.0021
0.9865,0.011199999999999998,0.0023
0.9862,0.0115,0.0023
0.9862,0.0115,0.0023
0.9860999999999999,0.0116,0.0023
0.9859,0.011699999999999999,0.0024000000000000002
0.9857999999999999,0.011699999999999999,0.0025
0.9857999999999999,0.0116,0.0026000000000000003
0.9856,0.0118,0.0026000000000000003
0.9855,0.0118,0.0026999999999999997
0.9855,0.011699999999999999,0.0027999999999999995
0.9853999999999999,0.0118,0.0027999999999999995
0.9850000000000001,0.012199999999999999,0.0027999999999999995
0.9849,0.0123,0.0027999999999999995
0.9848000000000001,0.0124,0.0027999999999999995
0.9847000000000001,0.0124,0.0029
0.9845,0.0125,0.003
0.9841,0.0129,0.003
0.9841,0.0127,0.0032
0.9841,0.0125,0.0034000000000000002
0.984,0.0125,0.0035000000000000005
0.9839,0.0125,0.0036000000000000003
0.9837999999999999,0.0126,0.0036000000000000003
0.9837,0.0127,0.0036000000000000003
0.9837,0.0127,0.0036000000000000003
0.9836,0.0127,0.0037000000000000006
0.9836,0.0126,0.0038
0.9836,0.0124,0.004
0.9836,0.0121,0.0043
0.9835,0.012199999999999999,0.0043
0.9835,0.012199999999999999,0.0043
0.9833000000000001,0.0124,0.0043
0.9833000000000001,0.0121,0.004600000000000001
0.9833000000000001,0.0121,0.004600000000000001
0.9832000000000001,0.012199999999999999,0.004600000000000001
0.9832000000000001,0.0121,0.004700000000000001
0.9831,0.0121,0.0048000000000000004
0.9828999999999999,0.012199999999999999,0.004900000000000001
0.9827999999999999,0.012199999999999999,0.005000000000000001
0.9827999999999999,0.012199999999999999,0.005000000000000001
0.9827,0.0122,0.005100000000000001
0.9825999999999999,0.012300000000000002,0.005100000000000001
0.9823999999999999,0.0125,0.005100000000000001
0.9822999999999998,0.0125,0.0052000000000000015
0.9822,0.0125,0.005300000000000001
0.9821,0.0125,0.005400000000000001
0.9821,0.0124,0.0055
0.9818,0.0127,0.0055
0.9818,0.0126,0.0056
0.9816999999999998,0.0127,0.0056
0.9814999999999999,0.0128,0.0057
0.9814999999999999,0.0128,0.0057
0.9812999999999998,0.013000000000000001,0.0057
0.9812,0.013000000000000001,0.0058000000000000005
0.9811,0.013000000000000001,0.005900000000000001
0.9806000000000001,0.013300000000000001,0.0061
0.9806000000000001,0.0132,0.006200000000000001
0.9806000000000001,0.0132,0.006200000000000001
0.9805000000000001,0.013300000000000001,0.006200000000000001
0.9804,0.0134,0.006200000000000001
0.9804,0.0134,0.006200000000000001
0.9803000000000001,0.0134,0.0063
0.9802000000000002,0.013500000000000002,0.0063
0.9802000000000002,0.013500000000000002,0.0063
0.9798,0.013900000000000001,0.0063
0.9797,0.0137,0.0066
0.9797,0.013600000000000001,0.0067
0.9796000000000001,0.013600000000000001,0.0068000000000000005
0.9794,0.013800000000000002,0.0068000000000000005
0.9792,0.014000000000000002,0.0068000000000000005
0.9789999999999999,0.014199999999999999,0.0068000000000000005
0.9789,0.014299999999999998,0.0068000000000000005
0.9786999999999999,0.014400000000000001,0.006900000000000001
0.9785999999999999,0.014300000000000002,0.0071
0.9785999999999999,0.014300000000000002,0.0071
0.9785999999999999,0.014300000000000002,0.0071
0.9783,0.014599999999999998,0.0071
0.9782,0.0147,0.0071
0.9781000000000001,0.014599999999999998,0.007300000000000001
0.9779,0.014799999999999999,0.007300000000000001
0.9779,0.0147,0.0073999999999999995
0.9777000000000001,0.0147,0.0076
0.9776,0.0147,0.0077
0.9775,0.014799999999999999,0.0077
0.9772000000000002,0.015,0.0078
0.9771000000000001,0.015,0.0079
0.9770000000000001,0.015,0.008
0.9768000000000001,0.0152,0.008
0.9766,0.0152,0.0082
0.9766,0.0152,0.0082
0.9763,0.0152,0.008499999999999999
0.9758000000000001,0.0155,0.0087
0.9757,0.0156,0.0087
0.9755,0.0156,0.0089
0.9753000000000001,0.0158,0.0089
0.9751999999999998,0.0159,0.0089
0.9751999999999998,0.0158,0.009
0.9751999999999998,0.0156,0.0092
0.9751999999999998,0.0156,0.0092
0.975,0.0155,0.0095
0.9747,0.0158,0.0095
0.9742999999999998,0.0161,0.009600000000000001
0.9742,0.0162,0.009600000000000001
0.9740999999999997,0.016300000000000002,0.009600000000000001
0.9738,0.0164,0.0098
0.9738,0.0164,0.0098
0.9736999999999998,0.0164,0.0099
0.9734999999999998,0.0165,0.01
0.9733999999999998,0.0164,0.0102
0.9731,0.0166,0.0103
0.9728999999999999,0.016800000000000002,0.0103
0.9728,0.0166,0.010600000000000002
0.9726999999999999,0.0166,0.010700000000000001
0.9726999999999999,0.016300000000000002,0.011
0.9724,0.0166,0.011
0.9724,0.0164,0.0112
0.9724,0.0164,0.0112
0.9719999999999999,0.0167,0.011300000000000001
0.9717999999999998,0.0167,0.0115
0.9715999999999999,0.016800000000000002,0.0116
0.9715999999999999,0.016800000000000002,0.0116
0.9715,0.016900000000000002,0.0116
0.9712,0.0172,0.0116
0.9708,0.0174,0.0118
0.9705,0.017499999999999998,0.012
0.9702999999999999,0.0174,0.0123
0.97,0.017499999999999995,0.0125
0.9699,0.017499999999999995,0.0126
0.9697000000000001,0.017699999999999997,0.0126
0.9693999999999999,0.017799999999999996,0.0128
0.9692999999999999,0.017799999999999996,0.0129
0.9692000000000001,0.017799999999999996,0.013000000000000001
0.9691000000000001,0.017699999999999997,0.0132
0.969,0.017799999999999996,0.0132
0.9689,0.017799999999999996,0.013300000000000001
0.9689,0.017699999999999997,0.0134
0.9688000000000001,0.017799999999999996,0.0134
0.9688000000000001,0.017799999999999996,0.0134
0.9686999999999999,0.017799999999999996,0.013500000000000002
0.9686999999999999,0.0175,0.013800000000000002
0.9685999999999998,0.0176,0.013800000000000002
0.9685,0.0177,0.013800000000000002
0.9683999999999999,0.0178,0.013800000000000002
0.9682000000000001,0.017799999999999996,0.013999999999999999
0.9679,0.017999999999999995,0.014099999999999998
0.9679,0.017899999999999996,0.014199999999999999
0.9679,0.017899999999999996,0.014199999999999999
0.9679,0.017899999999999996,0.014199999999999999
0.9677999999999999,0.017999999999999995,0.014199999999999999
0.9677999999999999,0.017899999999999996,0.014299999999999998
0.9675,0.018099999999999998,0.0144
0.9672000000000001,0.018299999999999997,0.014499999999999999
0.9669000000000001,0.0185,0.014599999999999998
0.9667999999999999,0.0186,0.014599999999999998
0.9666,0.0188,0.014599999999999998
0.9663,0.0191,0.014599999999999998
0.9661000000000002,0.019200000000000002,0.0147
0.9659000000000001,0.0194,0.0147
0.9659000000000001,0.019,0.015099999999999999
0.9656,0.0191,0.0153
0.9652000000000001,0.019499999999999997,0.0153
0.9649999999999999,0.0196,0.0154
0.9649999999999999,0.0195,0.0155
0.9648999999999999,0.0194,0.0157
0.9648,0.0195,0.0157
0.9647,0.0195,0.0158
0.9644999999999999,0.019700000000000002,0.0158
0.9644999999999999,0.0196,0.0159
0.9643,0.0198,0.0159
0.9640000000000002,0.019799999999999998,0.0162
0.9640000000000002,0.019700000000000002,0.016300000000000002
0.9638000000000002,0.0199,0.016300000000000002
0.9634,0.0201,0.0165
0.9632000000000002,0.0201,0.0167
0.9629999999999999,0.0201,0.016900000000000002
0.9629999999999999,0.0201,0.016900000000000002
0.9629,0.019999999999999997,0.0171
0.9626999999999999,0.0201,0.0172
0.9625999999999998,0.0201,0.0173
0.9624999999999998,0.0202,0.0173
0.9623999999999999,0.0201,0.017499999999999998
0.9622999999999999,0.0201,0.017599999999999998
0.9622999999999999,0.019999999999999997,0.0177
0.9621999999999999,0.0201,0.0177
0.9621000000000001,0.0201,0.0178
0.9621000000000001,0.019799999999999998,0.018099999999999998
0.962,0.019799999999999998,0.0182
0.9619,0.0197,0.0184
0.9616,0.019999999999999997,0.0184
0.9616,0.0196,0.0188
0.9612,0.019899999999999998,0.0189
0.9610999999999998,0.019899999999999998,0.019
0.9609,0.0201,0.019
0.9609,0.019999999999999997,0.0191
0.9607999999999999,0.019899999999999998,0.019299999999999998
0.9606,0.019999999999999997,0.019399999999999997
0.9602999999999999,0.0202,0.019499999999999997
0.9602,0.0201,0.0197
0.9601,0.019899999999999998,0.019999999999999997
0.9598999999999999,0.0201,0.019999999999999997
0.9597,0.0202,0.0201
0.9592,0.0207,0.0201
0.959,0.0208,0.0202
0.9585999999999999,0.0212,0.0202
0.9582,0.0213,0.020499999999999997
0.958,0.0213,0.0207
0.9578,0.0213,0.0209
0.9576999999999998,0.0214,0.0209
0.9573999999999998,0.0217,0.0209
0.9571,0.0219,0.020999999999999998
0.9568999999999999,0.0221,0.020999999999999998
0.9566999999999999,0.0222,0.0211
0.9563999999999998,0.0223,0.0213
0.9561999999999999,0.0224,0.0214
0.9559999999999998,0.0225,0.0215
0.9559,0.022600000000000002,0.0215
0.9557999999999998,0.022600000000000002,0.0216
0.9556999999999999,0.0225,0.0218
0.9554,0.0227,0.0219
0.9549,0.023100000000000002,0.022
0.9547999999999999,0.023100000000000002,0.0221
0.9545000000000001,0.023100000000000002,0.0224
0.9542000000000002,0.023200000000000002,0.022600000000000002
0.9538,0.0234,0.0228
0.9536999999999999,0.023200000000000002,0.023100000000000002
0.9535,0.0233,0.023200000000000002
0.9533999999999999,0.0234,0.023200000000000002
0.9532,0.023600000000000003,0.023200000000000002
0.9529999999999997,0.023700000000000002,0.0233
0.9527999999999999,0.023700000000000002,0.0235
0.9527000000000001,0.023600000000000003,0.023700000000000002
0.9527000000000001,0.0234,0.0239
0.9527000000000001,0.023100000000000002,0.024200000000000003
0.9522999999999999,0.0233,0.0244
0.952,0.0235,0.0245
0.9518999999999999,0.023600000000000003,0.0245
0.9518000000000001,0.023600000000000003,0.024600000000000004
0.9518000000000001,0.023600000000000003,0.024600000000000004
0.9517,0.0234,0.024900000000000002
0.9515999999999998,0.0234,0.025
0.9513999999999999,0.023600000000000003,0.025
0.9512,0.023700000000000002,0.0251
0.9509999999999998,0.0239,0.0251
0.9507999999999999,0.023700000000000002,0.025500000000000002
0.9504999999999999,0.0239,0.0256
0.9501,0.024200000000000003,0.0257
0.95,0.024200000000000003,0.0258
0.95,0.024200000000000003,0.0258
0.9498,0.0244,0.0258
0.9497,0.0244,0.0259
0.9495999999999999,0.0245,0.0259
0.9494,0.0247,0.0259
0.9490999999999999,0.0247,0.0262
0.9489000000000001,0.0249,0.0262
0.9486000000000001,0.025,0.0264
0.9486000000000001,0.025,0.0264
0.9484999999999999,0.025,0.026500000000000003
0.9484,0.0249,0.0267
0.9481999999999999,0.025099999999999994,0.0267
0.9480000000000001,0.025199999999999993,0.0268
0.9477,0.025399999999999995,0.0269
0.9476000000000001,0.025499999999999995,0.0269
0.9476000000000001,0.024999999999999998,0.0274
0.9474,0.025099999999999994,0.027500000000000004
0.9473,0.025099999999999994,0.027600000000000003
0.9469999999999998,0.025399999999999995,0.027600000000000003
0.9469999999999998,0.025199999999999993,0.027800000000000002
0.9468,0.025,0.028199999999999996
0.9465999999999999,0.0252,0.028199999999999996
0.9463999999999999,0.0252,0.028399999999999998
0.9461,0.025399999999999995,0.028499999999999998
0.9457000000000001,0.025699999999999994,0.028599999999999997
0.9454,0.025799999999999997,0.0288
0.9453000000000001,0.025799999999999997,0.0289
0.9451,0.025999999999999995,0.0289
0.9448000000000001,0.025799999999999997,0.0294
0.9448000000000001,0.025699999999999994,0.0295
0.9442999999999999,0.026099999999999995,0.029599999999999998
0.944,0.026299999999999997,0.029699999999999997
0.9437000000000001,0.026499999999999996,0.0298
0.9435,0.026699999999999995,0.0298
0.9433,0.0268,0.0299
0.943,0.027000000000000003,0.03
0.9424999999999999,0.0273,0.030199999999999998
0.942,0.027700000000000002,0.0303
0.9418999999999998,0.027700000000000002,0.0304
0.9418,0.027600000000000003,0.0306
0.9414999999999999,0.0274,0.0311
0.9413,0.0274,0.0313
0.9410000000000001,0.027600000000000003,0.0314
0.9405000000000001,0.0279,0.0316
0.9404000000000001,0.0279,0.0317
0.9402000000000001,0.028100000000000003,0.0317
0.9400000000000002,0.0279,0.032100000000000004
0.9398000000000002,0.0279,0.0323
0.9393,0.028300000000000002,0.0324
0.9390000000000001,0.028500000000000004,0.0325
0.9385999999999999,0.028900000000000002,0.0325
0.9381999999999999,0.029200000000000004,0.032600000000000004
0.9381,0.029000000000000005,0.0329
0.9379000000000002,0.028800000000000003,0.0333
0.9379000000000002,0.028600000000000004,0.0335
0.9376000000000001,0.028700000000000003,0.0337
0.9374,0.028500000000000004,0.0341
0.9371,0.028600000000000004,0.0343
0.9367000000000001,0.029000000000000005,0.0343
0.9364000000000001,0.029100000000000004,0.034499999999999996
0.9362,0.029100000000000004,0.034699999999999995
0.9362,0.029100000000000004,0.034699999999999995
0.9360000000000002,0.029300000000000003,0.034699999999999995
0.9359000000000002,0.029300000000000003,0.0348
0.9356000000000002,0.029600000000000005,0.0348
0.9353000000000001,0.029600000000000005,0.0351
0.9351,0.029800000000000004,0.0351
0.9348000000000001,0.030100000000000005,0.0351
0.9345000000000001,0.030300000000000004,0.035199999999999995
0.9339000000000001,0.030800000000000004,0.0353
0.9336,0.031000000000000007,0.0354
0.9335000000000001,0.030800000000000004,0.035699999999999996
0.9332,0.031000000000000007,0.0358
0.9329000000000001,0.031200000000000006,0.0359
0.9327000000000002,0.031100000000000006,0.036199999999999996
0.9325000000000003,0.031100000000000006,0.0364
0.9321000000000002,0.031400000000000004,0.0365
0.9319,0.03130000000000001,0.0368
0.9317,0.03130000000000001,0.037
0.9315000000000001,0.030900000000000004,0.0376
0.9314,0.030700000000000005,0.037899999999999996
0.9312000000000001,0.030800000000000004,0.03799999999999999
0.9312000000000001,0.030600000000000006,0.0382
0.9309000000000001,0.030300000000000004,0.038799999999999994
0.9306999999999999,0.030500000000000006,0.038799999999999994
0.9304000000000002,0.030500000000000006,0.039099999999999996
0.9301999999999999,0.030700000000000005,0.039099999999999996
0.9299999999999999,0.030700000000000005,0.039299999999999995
0.9296,0.031000000000000007,0.0394
0.9294999999999998,0.031000000000000007,0.03949999999999999
0.9289999999999999,0.03150000000000001,0.03949999999999999
0.9289999999999999,0.03150000000000001,0.03949999999999999
0.9287000000000001,0.03150000000000001,0.039799999999999995
0.9284000000000001,0.031700000000000006,0.0399
0.9279,0.031700000000000006,0.0404
0.9277000000000001,0.03180000000000001,0.040499999999999994
0.9275000000000002,0.031700000000000006,0.040799999999999996
0.9273000000000001,0.031900000000000005,0.040799999999999996
0.9272,0.031900000000000005,0.0409
0.9269999999999999,0.031700000000000006,0.041299999999999996
0.9267,0.03180000000000001,0.041499999999999995
0.9264000000000001,0.032100000000000004,0.041499999999999995
0.9258000000000001,0.032600000000000004,0.0416
0.9254,0.03280000000000001,0.0418
0.9252,0.03280000000000001,0.041999999999999996
0.925,0.03300000000000001,0.041999999999999996
0.9240999999999999,0.03350000000000001,0.0424
0.9239999999999998,0.03350000000000001,0.042499999999999996
0.9238999999999999,0.03350000000000001,0.0426
0.9235999999999999,0.03350000000000001,0.0429
0.9232000000000001,0.03350000000000001,0.0433
0.9230000000000003,0.033600000000000005,0.0434
0.9229,0.03350000000000001,0.0436
0.9227000000000002,0.033400000000000006,0.0439
0.9225000000000001,0.03350000000000001,0.044
0.9221999999999999,0.03370000000000001,0.0441
0.9219000000000002,0.033600000000000005,0.0445
0.9216000000000001,0.03350000000000001,0.0449
0.9212000000000001,0.033900000000000007,0.0449
0.9209999999999999,0.03380000000000001,0.045200000000000004
0.9206,0.034100000000000005,0.0453
0.9203000000000001,0.033900000000000007,0.0458
0.9201,0.03370000000000001,0.0462
0.9198999999999999,0.03380000000000001,0.046299999999999994
0.9198999999999999,0.03320000000000001,0.0469
0.9197999999999998,0.032900000000000006,0.047299999999999995
0.9194999999999999,0.033100000000000004,0.0474
0.9191,0.03330000000000001,0.047599999999999996
0.9190000000000002,0.03330000000000001,0.0477
0.9186,0.03330000000000001,0.0481
0.9185000000000001,0.03330000000000001,0.0482
0.9183000000000001,0.03320000000000001,0.0485
0.9182,0.03320000000000001,0.0486
0.9177000000000002,0.03350000000000001,0.048799999999999996
0.9176000000000002,0.03350000000000001,0.0489
0.9173,0.033600000000000005,0.0491
0.9172,0.033600000000000005,0.0492
0.9171000000000001,0.033299999999999996,0.0496
0.9170000000000001,0.032999999999999995,0.05
0.9168000000000001,0.0331,0.0501
0.9167000000000002,0.032900000000000006,0.0504
0.9167000000000002,0.03280000000000001,0.0505
0.9166000000000001,0.03250000000000001,0.05089999999999999
0.9166000000000001,0.032400000000000005,0.05099999999999999
0.9163,0.032600000000000004,0.05109999999999999
0.9159000000000003,0.03280000000000001,0.05129999999999999
0.9157,0.0329,0.05139999999999999
0.9156000000000002,0.0328,0.05159999999999999
0.9154,0.0329,0.05169999999999999
0.9149,0.03320000000000001,0.05189999999999999
0.9146999999999998,0.03330000000000001,0.05199999999999999
0.9146999999999998,0.03330000000000001,0.05199999999999999
0.9146999999999998,0.03320000000000001,0.052099999999999994
0.9145,0.03320000000000001,0.05229999999999999
0.9145,0.03300000000000001,0.05249999999999999
0.9141999999999999,0.03300000000000001,0.05279999999999999
0.9138,0.033100000000000004,0.0531
0.9135,0.033100000000000004,0.05339999999999999
0.9134,0.03320000000000001,0.05339999999999999
0.9133000000000001,0.033100000000000004,0.053599999999999995
0.9128999999999999,0.033400000000000006,0.053700000000000005
0.9126000000000001,0.033400000000000006,0.054000000000000006
0.9122999999999999,0.0336,0.054099999999999995
0.9122,0.033699999999999994,0.054099999999999995
0.9119999999999999,0.03370000000000001,0.054299999999999994
0.9117000000000001,0.03370000000000001,0.054599999999999996
0.9113999999999999,0.033900000000000007,0.054700000000000006
0.9110000000000001,0.03420000000000001,0.054799999999999995
0.9107000000000001,0.03440000000000001,0.05489999999999999
0.9105000000000001,0.0344,0.055099999999999996
0.9101000000000001,0.0345,0.05539999999999999
0.9094000000000001,0.035100000000000006,0.05550000000000001
0.9089,0.0354,0.055700000000000006
0.9084,0.0356,0.055999999999999994
0.9083,0.0355,0.05619999999999999
0.908,0.035500000000000004,0.056499999999999995
0.9072000000000001,0.036,0.0568
0.907,0.0361,0.05689999999999999
0.9069,0.0361,0.05700000000000001
0.9067000000000002,0.0361,0.05720000000000001
0.9066000000000001,0.036199999999999996,0.05720000000000001
0.9063999999999999,0.036,0.057600000000000005
0.9062999999999999,0.0358,0.05789999999999999
0.9059999999999999,0.0359,0.0581
0.9056,0.0361,0.0583
0.9054,0.036199999999999996,0.05840000000000001
0.905,0.0363,0.058699999999999995
0.9048999999999999,0.036199999999999996,0.058899999999999994
0.9046999999999998,0.036,0.059300000000000005
0.9046,0.036,0.059399999999999994
0.9045,0.0359,0.0596
0.9042,0.0358,0.06
0.9041,0.03560000000000001,0.060300000000000006
0.9041,0.03560000000000001,0.060300000000000006
0.9039999999999999,0.03550000000000001,0.06050000000000001
0.9033000000000001,0.03620000000000001,0.06050000000000001
0.9030000000000001,0.03630000000000001,0.06070000000000001
0.9025000000000002,0.03650000000000001,0.061
0.9019999999999999,0.037,0.061
0.9018,0.037,0.0612
0.9016000000000002,0.0369,0.0615
0.9015000000000001,0.0363,0.06220000000000001
0.9014,0.0361,0.0625
0.9012,0.0361,0.0627
0.9010999999999999,0.036,0.0629
0.9007,0.036,0.0633
0.9001999999999999,0.0363,0.0635
0.8998999999999999,0.0365,0.0636
0.8996999999999998,0.0364,0.0639
0.8994,0.0363,0.0643
0.899,0.0363,0.06470000000000001
0.8988999999999999,0.036199999999999996,0.0649
0.8987,0.0363,0.065
0.8986000000000001,0.036,0.0654
0.8983000000000001,0.0363,0.0654
0.898,0.0365,0.0655
0.8977999999999999,0.0365,0.06570000000000001
0.8975000000000002,0.0364,0.0661
0.8973000000000001,0.0365,0.06620000000000001
0.8971000000000002,0.036699999999999997,0.06620000000000001
0.8969000000000001,0.0368,0.0663
0.8966,0.0371,0.0663
0.8962,0.0371,0.06670000000000001
0.8957,0.0374,0.0669
0.8956,0.0373,0.0671
0.8955,0.0374,0.0671
0.8952000000000002,0.0375,0.0673
0.8951,0.03730000000000001,0.06760000000000001
0.8948,0.037200000000000004,0.068
0.8945000000000002,0.037200000000000004,0.0683
0.8943000000000001,0.0369,0.0688
0.8942000000000002,0.0369,0.0689
0.8940000000000001,0.037,0.069
0.8937000000000002,0.0372,0.06910000000000001
0.8936,0.0371,0.0693
0.8935000000000001,0.0372,0.0693
0.8934000000000001,0.0371,0.0695
0.8928999999999998,0.0376,0.0695
0.8926000000000001,0.0377,0.06970000000000001
0.8922000000000001,0.0378,0.07
0.8918000000000001,0.0378,0.0704
0.8916999999999999,0.0379,0.0704
0.8915000000000001,0.0378,0.07070000000000001
0.8914000000000002,0.0377,0.0709
0.8909,0.038,0.07110000000000001
0.8907,0.0381,0.07120000000000001
0.89,0.0385,0.07150000000000001
0.8897,0.0387,0.07160000000000001
0.8896,0.0387,0.07170000000000001
0.8894,0.038900000000000004,0.07170000000000001
0.8891,0.0388,0.07210000000000001
0.8889000000000001,0.0388,0.0723
0.8886000000000001,0.039,0.0724
0.8883000000000001,0.038900000000000004,0.0728
0.8880000000000001,0.039,0.073
0.8878,0.0391,0.0731
0.8876,0.0391,0.0733
0.8866999999999999,0.04,0.0733
0.8863,0.0402,0.0735
0.8856999999999999,0.0407,0.0736
0.8854,0.0407,0.0739
0.8849999999999998,0.0409,0.0741
0.8849999999999998,0.0407,0.0743
0.8849999999999998,0.0406,0.0744
0.8846999999999999,0.0406,0.0747
0.8843,0.0406,0.0751
0.8840000000000001,0.040799999999999996,0.0752
0.8839,0.040499999999999994,0.0756
0.8838000000000001,0.0404,0.0758
0.8835,0.0406,0.0759
0.8834,0.040499999999999994,0.0761
0.883,0.0407,0.0763
0.8827,0.0409,0.0764
0.8825000000000001,0.0409,0.0766
0.8825000000000001,0.0407,0.07680000000000001
0.8823000000000001,0.0409,0.07680000000000001
0.8821999999999999,0.040799999999999996,0.077
0.8817,0.0411,0.0772
0.8815000000000002,0.041299999999999996,0.0772
0.8814,0.040999999999999995,0.0776
0.8809000000000001,0.0414,0.0777
0.8803000000000001,0.0416,0.0781
0.8801,0.0417,0.07819999999999999
0.8795999999999999,0.0422,0.07819999999999999
0.8792,0.042499999999999996,0.07830000000000001
0.8789,0.042499999999999996,0.07859999999999999
0.8785999999999998,0.0424,0.079
0.8778,0.043,0.0792
0.8777000000000001,0.0427,0.0796
0.8774000000000001,0.0428,0.07980000000000001
0.8771000000000001,0.0426,0.0803
0.8769,0.0426,0.0805
0.8764000000000001,0.0429,0.08070000000000001
0.8758000000000001,0.0432,0.08099999999999999
0.8754,0.0435,0.08109999999999999
0.8746999999999998,0.044,0.08130000000000001
0.8744,0.0437,0.0819
0.8739000000000001,0.0442,0.0819
0.8737999999999999,0.0442,0.08199999999999999
0.8734,0.0442,0.0824
0.8732,0.04429999999999999,0.08249999999999999
0.8725999999999999,0.044599999999999994,0.08280000000000001
0.8723999999999998,0.0447,0.0829
0.8719999999999999,0.045,0.08299999999999999
0.8716999999999999,0.044899999999999995,0.0834
0.8715999999999999,0.044899999999999995,0.0835
0.8713,0.044899999999999995,0.0838
0.8709,0.045099999999999994,0.08399999999999999
0.8704000000000001,0.0452,0.0844
0.8699999999999999,0.045599999999999995,0.0844
0.8696999999999999,0.045799999999999993,0.08449999999999999
0.8694,0.045899999999999996,0.08469999999999998
0.8692,0.046,0.0848
0.8690999999999999,0.046,0.0849
0.8689,0.046,0.0851
0.8686999999999999,0.0462,0.0851
0.8686,0.046,0.08539999999999999
0.8679,0.046299999999999994,0.0858
0.8677000000000001,0.046299999999999994,0.086
0.8675,0.046,0.0865
0.8674,0.0457,0.0869
0.8674,0.045399999999999996,0.08719999999999999
0.8673,0.045099999999999994,0.08759999999999998
0.8672000000000001,0.045,0.08779999999999999
0.8669,0.045,0.0881
0.8664999999999999,0.0452,0.0883
0.866,0.045399999999999996,0.08859999999999998
0.8656999999999998,0.044899999999999995,0.0894
0.8655999999999999,0.04479999999999999,0.08959999999999999
0.8655999999999999,0.044399999999999995,0.09
0.8652,0.0445,0.0903
0.8648000000000001,0.0447,0.0905
0.8645000000000002,0.0445,0.091
0.8643000000000001,0.0445,0.09119999999999999
0.8638,0.04479999999999999,0.0914
0.8635999999999999,0.044599999999999994,0.09179999999999999
0.8633,0.044899999999999995,0.09179999999999999
0.8628,0.045399999999999996,0.09179999999999999
0.8625,0.0452,0.09230000000000001
0.8620999999999999,0.045399999999999996,0.09249999999999999
0.8616999999999999,0.0452,0.09309999999999999
0.8613999999999999,0.04529999999999999,0.09329999999999998
0.8613,0.0452,0.09349999999999999
0.8607999999999999,0.045099999999999994,0.09409999999999999
0.8603,0.0455,0.09419999999999999
0.8599,0.045799999999999993,0.09429999999999998
0.8594999999999999,0.046,0.09449999999999999
0.8591000000000001,0.046099999999999995,0.0948
0.8588000000000001,0.046099999999999995,0.09509999999999999
0.8588000000000001,0.0457,0.09549999999999999
0.8585,0.045899999999999996,0.09559999999999999
0.8582999999999998,0.045799999999999993,0.09589999999999999
0.8581,0.045799999999999993,0.09609999999999999
0.8573999999999999,0.046099999999999995,0.09649999999999999
0.8571000000000002,0.046099999999999995,0.0968
0.8568000000000001,0.046,0.0972
0.8565000000000002,0.045899999999999996,0.09759999999999999
0.8561,0.046299999999999994,0.09759999999999999
0.8558,0.0464,0.0978
0.8555000000000001,0.0464,0.09809999999999999
0.8549999999999999,0.046799999999999994,0.0982
0.8549,0.046599999999999996,0.09849999999999999
0.8545,0.0467,0.0988
0.8541000000000001,0.0469,0.099
0.8536000000000001,0.0472,0.0992
0.8533000000000002,0.0475,0.0992
0.853,0.0474,0.0996
0.8524,0.047799999999999995,0.0998
0.852,0.048,0.1
0.8519,0.0479,0.1002
0.8516,0.0481,0.10029999999999999
0.8511,0.048299999999999996,0.1006
0.8506,0.0485,0.10089999999999999
0.8501999999999998,0.0486,0.1012
0.8498999999999999,0.0489,0.1012
0.8497,0.0489,0.1014
0.8492,0.0492,0.1016
0.8489999999999999,0.0491,0.10189999999999999
0.8486,0.0489,0.1025
0.8485000000000001,0.0487,0.1028
0.8483,0.0487,0.10300000000000001
0.8481,0.048299999999999996,0.1036
0.8480000000000001,0.0481,0.10389999999999999
0.8477,0.0481,0.1042
0.8475000000000001,0.0479,0.1046
0.8471,0.0481,0.1048
0.8466999999999999,0.0481,0.1052
0.8463,0.0482,0.1055
0.8459000000000001,0.048299999999999996,0.1058
0.8457000000000001,0.048299999999999996,0.10600000000000001
0.8452,0.048799999999999996,0.10600000000000001
0.8449,0.049,0.1061
0.8446,0.0491,0.10629999999999999
0.844,0.0496,0.10640000000000001
0.8436999999999999,0.0496,0.10669999999999999
0.8436,0.0495,0.1069
0.8433999999999999,0.0492,0.10739999999999998
0.8428000000000001,0.0497,0.1075
0.8425,0.0496,0.1079
0.8423,0.0492,0.1085
0.8417999999999999,0.0496,0.1086
0.8408999999999999,0.05,0.1091
0.8405999999999999,0.05009999999999999,0.10929999999999998
0.8402999999999998,0.05019999999999999,0.1095
0.8398,0.0504,0.10979999999999998
0.8394,0.0505,0.1101
0.8392999999999999,0.0502,0.1105
0.8390999999999998,0.0501,0.11080000000000001
0.8386999999999999,0.0502,0.1111
0.8383999999999998,0.0504,0.11120000000000001
0.8383999999999998,0.0502,0.11139999999999999
0.8382,0.0501,0.1117
0.8379999999999999,0.0497,0.1123
0.8379,0.0497,0.11239999999999999
0.8373000000000002,0.05,0.1127
0.8370000000000001,0.0501,0.1129
0.8364999999999998,0.0505,0.11300000000000002
0.8362999999999999,0.0503,0.11340000000000001
0.8358000000000001,0.0504,0.11380000000000001
0.8355,0.0506,0.1139
0.8351,0.0508,0.11410000000000001
0.8346,0.0507,0.1147
0.8344999999999999,0.0501,0.11539999999999999
0.8341000000000001,0.0502,0.11569999999999998
0.834,0.0501,0.1159
0.8338999999999999,0.0497,0.11639999999999999
0.8335000000000001,0.0498,0.1167
0.8331,0.0499,0.11699999999999999
0.8329999999999999,0.0497,0.1173
0.8329000000000001,0.0497,0.11739999999999999
0.8325999999999999,0.0499,0.11749999999999998
0.8324,0.0497,0.11789999999999998
0.8321999999999999,0.0496,0.1182
0.8321,0.049,0.1189
0.8318,0.049,0.1192
0.8310000000000001,0.0497,0.1193
0.8310000000000001,0.0497,0.1193
0.8306000000000001,0.0497,0.11969999999999999
0.8301000000000001,0.0497,0.1202
0.8298,0.0495,0.1207
0.8295,0.0498,0.1207
0.829,0.0501,0.12090000000000001
0.8287999999999999,0.0502,0.121
0.8282999999999999,0.0507,0.121
0.828,0.0508,0.1212
0.8278000000000001,0.0507,0.12149999999999998
0.8276,0.0508,0.1216
0.8275,0.0507,0.12179999999999999
0.8272999999999999,0.0506,0.12210000000000001
0.8269,0.0505,0.1226
0.8264999999999999,0.0507,0.12279999999999999
0.8263999999999999,0.0504,0.1232
0.8261000000000001,0.0501,0.12380000000000002
0.8255000000000001,0.05,0.12450000000000001
0.8252,0.0499,0.12490000000000004
0.8251000000000002,0.0498,0.12510000000000002
0.8248000000000001,0.049899999999999986,0.12530000000000002
0.8246,0.04969999999999999,0.1257
0.8240999999999999,0.05009999999999999,0.1258
0.8240000000000001,0.04999999999999999,0.12600000000000003
0.8237,0.05019999999999999,0.12610000000000002
0.8234,0.05009999999999999,0.1265
0.8231999999999999,0.04999999999999999,0.1268
0.8230999999999999,0.04919999999999999,0.1277
0.8228,0.049399999999999986,0.12780000000000002
0.8224,0.0492,0.12840000000000001
0.8219999999999998,0.0492,0.1288
0.8216999999999999,0.0494,0.1289
0.8213000000000001,0.0494,0.12930000000000003
0.8211,0.0493,0.1296
0.8208,0.0494,0.1298
0.8205,0.0493,0.13020000000000004
0.8202999999999999,0.0492,0.1305
0.8199,0.0495,0.13060000000000002
0.8195,0.0495,0.13100000000000003
0.8192,0.0496,0.13120000000000004
0.8187,0.0498,0.1315
0.8182,0.05019999999999999,0.13160000000000002
0.8173,0.05089999999999999,0.1318
0.8168,0.05089999999999999,0.1323
0.8165000000000001,0.05059999999999999,0.13290000000000002
0.8159000000000001,0.05089999999999999,0.13320000000000004
0.8158,0.05069999999999999,0.1335
0.8154,0.05089999999999999,0.1337
0.8151000000000002,0.05109999999999999,0.13380000000000003
0.8146000000000001,0.05149999999999999,0.13390000000000002
0.8144,0.05129999999999999,0.13430000000000003
0.8142999999999999,0.05129999999999999,0.13440000000000002
0.8142999999999999,0.051000000000000004,0.13470000000000001
0.8138,0.0511,0.1351
0.8135999999999999,0.0509,0.1355
0.8135999999999999,0.0507,0.1357
0.8131999999999999,0.0507,0.1361
0.8131999999999999,0.0504,0.13640000000000002
0.813,0.0505,0.1365
0.8126,0.0504,0.137
0.8121,0.0506,0.13730000000000003
0.8118000000000001,0.0503,0.13790000000000002
0.8111,0.05059999999999999,0.13830000000000003
0.8106,0.05069999999999999,0.1387
0.8106,0.0506,0.1388
0.8104000000000001,0.0508,0.1388
0.8102,0.0506,0.13920000000000002
0.8093999999999999,0.05079999999999999,0.1398
0.8089999999999998,0.05049999999999999,0.1405
0.8087,0.05069999999999999,0.1406
0.8084,0.05069999999999999,0.14090000000000003
0.8079000000000001,0.05109999999999999,0.14100000000000001
0.8078000000000001,0.05059999999999999,0.1416
0.8069000000000001,0.05089999999999999,0.14220000000000005
0.8067,0.051000000000000004,0.14230000000000004
0.8065000000000001,0.051000000000000004,0.14250000000000002
0.8061,0.0513,0.14260000000000003
0.8059,0.051000000000000004,0.1431
0.8051999999999999,0.0512,0.1436
0.8049,0.0514,0.1437
0.8047000000000001,0.0512,0.1441
0.8042999999999999,0.0513,0.14440000000000003
0.8039,0.0514,0.1447
0.8036,0.0512,0.14520000000000002
0.8032,0.0513,0.14550000000000002
0.8026,0.0517,0.1457
0.8022,0.0517,0.1461
0.8022,0.0513,0.14650000000000002
0.8019000000000001,0.0513,0.1468
0.8015000000000001,0.0516,0.1469
0.8013999999999999,0.0516,0.14700000000000002
0.8013999999999999,0.0513,0.14730000000000001
0.8012,0.051500000000000004,0.14730000000000001
0.8007,0.0516,0.1477
0.8001999999999999,0.0518,0.14800000000000002
0.7996000000000001,0.0523,0.1481
0.7992000000000001,0.0523,0.14850000000000002
0.7988000000000001,0.0523,0.14890000000000003
0.7986000000000001,0.0522,0.1492
0.7984000000000001,0.0523,0.14930000000000002
0.7983,0.0519,0.14980000000000002
0.7978,0.0523,0.1499
0.7974,0.052500000000000005,0.1501
0.7971999999999999,0.0526,0.15020000000000003
0.7971,0.0523,0.1506
0.7968,0.0524,0.1508
0.7965,0.0523,0.1512
0.7962,0.0524,0.15139999999999998
0.7962,0.0522,0.1516
0.7958999999999999,0.0524,0.1517
0.7956,0.052599999999999994,0.15180000000000002
0.7948999999999999,0.05319999999999999,0.1519
0.7944,0.05339999999999999,0.15220000000000003
0.7941,0.0534,0.1525
0.7939,0.053000000000000005,0.1531
0.7938000000000002,0.052500000000000005,0.1537
0.7934,0.0524,0.15419999999999998
0.7934,0.0519,0.1547
0.7933000000000001,0.0517,0.15499999999999997
0.7927000000000001,0.052000000000000005,0.1553
0.7925,0.0519,0.1556
0.7925,0.0516,0.1559
0.7923,0.0517,0.156
0.7919000000000002,0.0512,0.15689999999999998
0.7914000000000001,0.0514,0.1572
0.7914000000000001,0.0509,0.1577
0.7913000000000001,0.0506,0.1581
0.7911,0.0505,0.1584
0.7908999999999999,0.0502,0.1589
0.7908999999999999,0.0501,0.159
0.7906000000000001,0.0502,0.15919999999999998
0.7906000000000001,0.04989999999999999,0.1595
0.7902,0.049999999999999996,0.1598
0.7897000000000001,0.0503,0.15999999999999998
0.7893000000000001,0.0502,0.1605
0.7893000000000001,0.0498,0.1609
0.7889,0.0499,0.16119999999999998
0.7889,0.0498,0.1613
0.7888000000000001,0.0497,0.16150000000000003
0.7886,0.0496,0.1618
0.7885000000000001,0.0496,0.1619
0.7882,0.0497,0.16210000000000002
0.7881,0.0496,0.1623
0.788,0.0496,0.16240000000000004
0.7878000000000001,0.0496,0.16260000000000002
0.7876000000000001,0.0494,0.163
0.7874000000000001,0.0494,0.16319999999999998
0.7872000000000001,0.0492,0.16360000000000002
0.7866,0.0498,0.16360000000000002
0.7866,0.0497,0.1637
0.7865,0.0496,0.1639
0.7862,0.0498,0.16399999999999998
0.786,0.0496,0.16440000000000002
0.7858,0.0497,0.1645
0.7855,0.0496,0.1649
0.7849999999999999,0.05,0.16500000000000004
0.7849,0.0501,0.16500000000000004
0.7844,0.0502,0.1654
0.7839000000000002,0.0502,0.16590000000000002
0.7838,0.0499,0.1663
0.7835000000000001,0.0498,0.16670000000000001
0.7834000000000001,0.0493,0.1673
0.7827999999999999,0.049699999999999994,0.16750000000000004
0.7827999999999999,0.0492,0.16799999999999998
0.7825,0.0493,0.1682
0.7822,0.0494,0.16839999999999997
0.7821,0.0491,0.1688
0.7815,0.0495,0.16899999999999998
0.7811999999999999,0.049499999999999995,0.1693
0.7809,0.0493,0.1698
0.7808,0.0492,0.17
0.7804,0.0494,0.1702
0.78,0.0497,0.17029999999999998
0.7797000000000001,0.0495,0.1708
0.7794000000000001,0.0497,0.1709
0.7792,0.0496,0.17120000000000002
0.7791,0.0495,0.1714
0.7788,0.0494,0.1718
0.7784000000000001,0.0496,0.172
0.7784000000000001,0.0496,0.172
0.7783,0.0496,0.1721
0.7777999999999999,0.0497,0.1725
0.7775,0.0496,0.1729
0.7771999999999999,0.0496,0.17319999999999997
0.7768,0.049699999999999994,0.1735
0.7765000000000001,0.0497,0.1738
0.7762,0.049699999999999994,0.1741
0.7762,0.049499999999999995,0.17430000000000004
0.7758,0.049499999999999995,0.1747
0.7756000000000001,0.049699999999999994,0.1747
0.7754000000000001,0.049499999999999995,0.17509999999999998
0.7751,0.04959999999999999,0.1753
0.7746000000000001,0.0498,0.17559999999999998
0.7745,0.0498,0.17570000000000002
0.7744,0.04959999999999999,0.176
0.7741,0.04959999999999999,0.17629999999999998
0.7737,0.0498,0.17649999999999996
0.7729999999999999,0.0504,0.1766
0.7727999999999999,0.0504,0.17679999999999998
0.7724999999999999,0.0506,0.1769
0.7721999999999999,0.0506,0.17719999999999997
0.772,0.0507,0.1773
0.7716999999999999,0.0505,0.1778
0.7713,0.0503,0.1784
0.7711,0.0502,0.1787
0.7706999999999999,0.0503,0.179
0.7705,0.0498,0.1797
0.7702000000000001,0.04989999999999999,0.1799
0.7698,0.04989999999999999,0.1803
0.7697,0.04989999999999999,0.1804
0.7693000000000001,0.0501,0.1806
0.7693000000000001,0.0498,0.18089999999999998
0.7691,0.04959999999999999,0.18130000000000002
0.7689,0.04939999999999999,0.1817
0.7686,0.0494,0.182
0.7684,0.04909999999999999,0.18250000000000002
0.7682000000000001,0.049199999999999994,0.1826
0.7679000000000001,0.049199999999999994,0.1829
0.7679000000000001,0.048999999999999995,0.18309999999999998
0.7677,0.048999999999999995,0.18329999999999996
0.7671,0.049199999999999994,0.18369999999999997
0.7668999999999999,0.048999999999999995,0.18409999999999999
0.7664000000000001,0.049199999999999994,0.18439999999999998
0.7661,0.0491,0.1848
0.7657,0.0494,0.1849
0.7655000000000001,0.0495,0.18500000000000003
0.7652000000000001,0.0495,0.1853
0.765,0.0492,0.18580000000000002
0.7647000000000002,0.0491,0.1862
0.7646000000000001,0.049,0.18640000000000004
0.7643000000000001,0.0491,0.18660000000000002
0.7641,0.0486,0.18729999999999997
0.7641,0.048299999999999996,0.1876
0.7638999999999999,0.048299999999999996,0.18780000000000002
0.7638,0.0484,0.18780000000000002
0.7632000000000001,0.0486,0.1882
0.763,0.0482,0.18880000000000002
0.763,0.047799999999999995,0.18919999999999998
0.7628000000000001,0.0477,0.1895
0.7623,0.0479,0.18980000000000002
0.7621,0.047599999999999996,0.1903
0.7617,0.048,0.1903
0.7613000000000001,0.0482,0.19050000000000003
0.761,0.048,0.191
0.7604,0.0484,0.19119999999999998
0.7601,0.0485,0.19140000000000001
0.7598,0.0487,0.1915
0.7596,0.0486,0.19180000000000003
0.7594000000000001,0.048799999999999996,0.19180000000000003
0.7591,0.04839999999999999,0.19249999999999998
0.7586999999999999,0.0486,0.1927
0.7586999999999999,0.048299999999999996,0.193
0.7583,0.0484,0.19329999999999997
0.7579,0.048799999999999996,0.19329999999999997
0.7575999999999999,0.048799999999999996,0.1936
0.7574,0.048799999999999996,0.1938
0.7571,0.049,0.1939
0.7565999999999999,0.0491,0.19429999999999997
0.7564,0.0489,0.19469999999999996
0.7558999999999999,0.0493,0.19479999999999997
0.7556999999999998,0.0492,0.1951
0.7554000000000001,0.0492,0.1954
0.7552000000000001,0.049199999999999994,0.1956
0.7552000000000001,0.04909999999999999,0.19569999999999999
0.7551,0.0487,0.19619999999999999
0.7546999999999999,0.0487,0.19659999999999997
0.7544,0.048799999999999996,0.19679999999999997
0.7543,0.0486,0.1971
0.7541999999999999,0.0485,0.1973
0.7537999999999999,0.0487,0.1975
0.7536,0.0485,0.19790000000000002
0.7535000000000001,0.0482,0.1983
0.7531000000000001,0.0485,0.1984
0.7528,0.0486,0.1986
0.7526,0.0486,0.19879999999999998
0.7524000000000001,0.0487,0.19889999999999997
0.7521,0.048299999999999996,0.19959999999999997
0.7521,0.048,0.1999
0.7519,0.0481,0.19999999999999998
0.7517999999999999,0.047799999999999995,0.20039999999999997
0.7516999999999999,0.0475,0.2008
0.7514,0.0477,0.2009
0.7512000000000001,0.047599999999999996,0.2012
